04223 20260101  2.622 -121.45   48.54     5.9    -0.8     2.5     2.3     0.0     1.72 C     6.2    -4.4     0.5    96.2    79.1    92.9   0.259   0.300   0.247   0.197   0.226     2.0     2.2     4.1     3.7     3.9
04223 20260102  2.622 -121.45   48.54     8.7     3.4     6.0     5.9     3.8     2.12 C     9.9     2.6     5.2    95.7    75.2    89.9   0.263   0.295   0.246   0.195   0.225     3.5     3.3     4.3     3.7     3.8
04223 20260103  2.622 -121.45   48.54     8.3     4.6     6.5     6.7    12.6     0.73 C     9.6     1.8     5.9    95.9    87.7    93.9   0.301   0.332   0.270   0.213   0.232     4.6     4.3     4.8     4.2     4.1
04223 20260104  2.622 -121.45   48.54     8.5     4.8     6.6     6.0    14.0     1.46 C    11.3     3.5     5.7    95.7    85.8    94.7   0.308   0.348   0.291   0.235   0.245     5.0     4.8     5.3     4.7     4.5
04223 20260105  2.622 -121.45   48.54     5.7     2.2     4.0     4.1     4.3     1.75 C     9.1     0.0     3.9    95.9    83.4    93.7   0.295   0.335   0.281   0.227   0.243     4.9     4.9     5.5     4.9     4.7
04223 20260106  2.622 -121.45   48.54     3.2     0.2     1.7     1.8    29.0     0.02 C     2.9    -0.1     1.4    96.1    94.1    95.5   0.313   0.347   0.290   0.236   0.248     3.9     4.1     5.4     4.9     4.8
04223 20260107  2.622 -121.45   48.54     3.1     1.1     2.1     1.9     9.2     0.87 C     4.5    -0.1     1.7    95.9    92.0    94.9   0.310   0.349   0.294   0.240   0.252     3.2     3.4     4.8     4.4     4.5
04223 20260108  2.622 -121.45   48.54     3.1     0.5     1.8     2.1    14.8     0.68 C     4.7    -0.7     2.0    95.8    91.5    94.5   0.314   0.348   0.290   0.236   0.248     3.3     3.5     4.7     4.2     4.3
04223 20260109  2.622 -121.45   48.54     5.4     0.8     3.1     2.4     3.0     1.40 C     7.3    -0.7     2.0    96.2    88.8    94.6   0.297   0.336   0.282   0.228   0.246     3.5     3.6     4.7     4.2     4.2
04223 20260110  2.622 -121.45   48.54     5.4    -0.3     2.5     2.8     6.8     1.47 C     6.7    -2.2     1.9    96.2    86.9    94.4   0.283   0.319   0.266   0.214   0.239     3.2     3.3     4.6     4.1     4.2
04223 20260111  2.622 -121.45   48.54     5.7     3.7     4.7     4.6    31.2     0.22 C     5.9     3.2     4.4    95.7    93.1    95.0   0.325   0.360   0.303   0.246   0.253     4.0     3.9     4.7     4.1     4.1
04223 20260112  2.622 -121.45   48.54     7.6     5.3     6.4     6.4    70.4     0.08 C     7.4     5.1     6.4    95.6    94.3    95.3   0.340   0.375   0.336   0.274   0.271     5.1     4.9     5.1     4.5     4.3
04223 20260113  2.622 -121.45   48.54    12.1     3.8     7.9     7.6     3.7     2.36 C    11.5     0.3     6.3    96.0    82.0    93.4   0.302   0.342   0.290   0.237   0.251     5.8     5.6     5.6     5.0     4.7
04223 20260114  2.622 -121.45   48.54     8.8     0.3     4.5     4.8     0.4     2.34 C     7.1    -2.1     2.5    96.6    74.0    93.7   0.281   0.318   0.266   0.215   0.239     4.3     4.4     5.5     5.1     4.9
04223 20260115  2.622 -121.45   48.54    10.5     2.0     6.3     4.9     0.0     2.04 C     7.3    -2.0     1.4    96.3    59.6    90.3   0.275   0.310   0.258   0.207   0.234     4.2     4.2     5.3     4.8     4.7
04223 20260116  2.622 -121.45   48.54    13.1     1.9     7.5     6.3     0.0     2.37 C     7.4    -2.4     1.1    92.7    30.6    67.6   0.268   0.303   0.253   0.203   0.231     3.5     3.6     5.0     4.5     4.5
04223 20260117  2.622 -121.45   48.54    13.0     0.9     6.9     5.0     0.0     2.51 C     7.0    -3.7    -0.4    94.4    33.5    76.3   0.263   0.300   0.250   0.199   0.228     2.9     3.2     4.7     4.2     4.3
04223 20260118  2.622 -121.45   48.54    15.1    -1.6     6.8     4.4     0.0     2.55 C     7.5    -4.8    -0.9    96.1    33.7    80.3   0.259   0.326   0.247   0.196   0.225     2.4     2.7     4.4     4.0     4.1
04223 20260119  2.622 -121.45   48.54    11.8    -0.9     5.5     3.7     0.0     2.69 C     5.9    -5.2    -1.9    94.5    36.3    77.2   0.255   0.321   0.244   0.194   0.223     2.0     2.3     4.1     3.7     3.8
04223 20260120  2.622 -121.45   48.54    15.2    -1.5     6.8     4.5     0.0     2.56 C     8.3    -5.8    -0.5    95.1    24.2    71.4   0.253   0.317   0.242   0.192   0.222     1.8     2.0     3.8     3.4     3.6
04223 20260121  2.622 -121.45   48.54    11.2    -2.3     4.5     3.0     0.0     3.00 C     7.7    -6.3    -2.4    92.9    32.4    70.1   0.251   0.314   0.240   0.190   0.220     1.6     1.9     3.7     3.2     3.4
04223 20260122  2.622 -121.45   48.54     6.1    -4.0     1.1    -0.4     0.0     2.96 C     3.2    -7.8    -3.9    95.0    58.8    86.8   0.247   0.310   0.239   0.188   0.219     1.0     1.4     3.3     2.9     3.1
04223 20260123  2.622 -121.45   48.54     9.4    -5.2     2.1     2.2     0.0     3.20 C     4.2    -8.6    -2.9    94.8    22.3    56.3   0.243   0.311   0.237   0.186   0.217     0.7     1.0     3.0     2.6     2.9
04223 20260124  2.622 -121.45   48.54     7.4    -4.6     1.4    -0.3     0.0     3.23 C     3.6    -9.5    -5.7    87.7    28.9    66.6   0.253   0.313   0.235   0.184   0.216     0.5     0.9     2.8     2.4     2.6
04223 20260125  2.622 -121.45   48.54     6.9    -5.8     0.5    -1.5     0.0     3.27 C     3.5    -9.9    -6.4    90.7    33.8    76.9 -99.000   0.310   0.233   0.182   0.214     0.3     0.7     2.5     2.2     2.5
04223 20260126  2.622 -121.45   48.54     6.1    -4.1     1.0     0.2     0.0     2.57 C     6.8    -8.1    -1.6    90.5    46.2    79.5 -99.000   0.303   0.230   0.179   0.212     0.1     0.5     2.4     2.0     2.3
04223 20260127  2.622 -121.45   48.54    11.9    -1.1     5.4     4.6     0.0     2.87 C     9.3    -5.0     1.4    90.2    37.0    71.6 -99.000   0.302   0.227   0.178   0.211     0.1     0.4     2.2     1.9     2.1
04223 20260128  2.622 -121.45   48.54     7.8     3.1     5.5     5.4    11.0     1.45 C     8.6     1.3     3.7    96.1    75.7    94.1 -99.000   0.329   0.235   0.181   0.211     0.6     0.6     2.1     1.8     2.0
04223 20260129  2.622 -121.45   48.54     8.4     5.0     6.7     6.5    20.3     0.73 C     8.8     3.1     5.1    95.7    92.0    94.9   0.310   0.398   0.289   0.223   0.232     2.3     1.8     2.5     2.0     2.0
04223 20260130  2.622 -121.45   48.54     7.3     5.4     6.4     6.5    26.1     0.21 C     7.4     3.0     5.2    95.9    90.5    94.9   0.320   0.405   0.308   0.251   0.257     3.5     3.1     3.3     2.6     2.4
04223 20260131  2.622 -121.45   48.54     9.2     5.1     7.2     7.3     2.1     0.60 C     8.9     2.3     5.6    95.8    85.2    93.1   0.297   0.382   0.288   0.234   0.248     4.2     3.9     3.9     3.2     2.9
04223 20260201  2.622 -121.45   48.54     7.4     4.5     6.0     6.0    31.8     0.56 C     8.6     2.1     5.0    96.2    90.8    94.9   0.312   0.394   0.298   0.241   0.254     4.2     4.0     4.3     3.6     3.3
04223 20260202  2.622 -121.45   48.54     7.1     4.6     5.8     6.1    18.9     0.70 C     7.8     2.4     5.4    95.8    91.2    94.6   0.314   0.400   0.303   0.246   0.254     4.6     4.4     4.7     4.0     3.7
04223 20260203  2.622 -121.45   48.54    11.2     2.6     6.9     7.6     0.2     2.52 C    11.4     0.0     6.0    96.0    75.0    90.5   0.288   0.375   0.279   0.226   0.244     4.9     4.6     4.9     4.2     3.9
04223 20260204  2.622 -121.45   48.54    13.9     4.2     9.0     8.7     0.0     3.54 C    13.8     0.0     5.7    95.9    66.5    87.9   0.273   0.354   0.263   0.212   0.236     5.5     5.2     5.2     4.5     4.1
04223 20260205  2.622 -121.45   48.54    16.9     2.7     9.8     8.1     0.0     4.36 C    13.8    -1.0     3.2    95.9    35.7    79.5   0.265   0.346   0.256   0.205   0.232     4.6     4.5     5.2     4.6     4.3
04223 20260206  2.622 -121.45   48.54    14.8     0.6     7.7     6.1     0.0     4.10 C    12.8    -2.8     2.2    95.9    40.9    82.4   0.259   0.340   0.251   0.200   0.228     4.0     4.0     4.9     4.4     4.2
04223 20260207  2.622 -121.45   48.54     8.2     2.7     5.4     5.9    24.1     0.39 C     8.0    -1.9     5.0    96.0    92.5    95.0   0.287   0.368   0.266   0.210   0.231     4.2     4.1     4.8     4.2     4.1
04223 20260208  2.622 -121.45   48.54     8.0     0.5     4.3     4.1     0.0     2.73 C     9.6    -2.3     2.2    96.3    80.6    93.5   0.293   0.386   0.287   0.232   0.247     4.4     4.3     5.0     4.4     4.2
04223 20260209  2.622 -121.45   48.54     7.7     1.2     4.5     4.2     2.3     2.62 C    11.0    -0.3     4.0    96.1    77.6    93.8   0.281   0.367   0.266   0.214   0.237     4.1     4.0     4.9     4.3     4.2
04223 20260210  2.622 -121.45   48.54    10.6    -0.2     5.2     3.9     0.0     3.75 C    11.7    -4.3     1.2    96.7    54.6    89.3   0.273   0.359   0.261   0.209   0.234     3.9     4.0     4.9     4.3     4.2
04223 20260211  2.622 -121.45   48.54    11.1    -2.0     4.5     2.4     0.0     4.26 C     9.4    -6.0    -1.7    96.4    41.2    86.4   0.264   0.349   0.255   0.204   0.231     2.4     2.8     4.4     4.0     4.0
04223 20260212  2.622 -121.45   48.54    10.4    -1.3     4.6     3.2     0.0     3.70 C    11.8    -4.6     1.0    96.1    53.2    87.1   0.259   0.343   0.251   0.200   0.228     2.4     2.6     3.9     3.6     3.7
04223 20260213  2.622 -121.45   48.54     6.9     1.1     4.0     4.6    10.0     1.45 C     9.0    -1.5     4.3    95.7    88.8    94.1   0.274   0.355   0.251   0.199   0.226     3.4     3.2     4.0     3.6     3.6
04223 20260214  2.622 -121.45   48.54     6.4     0.0     3.2     3.6     5.4     3.07 C    11.3    -2.9     3.2    96.3    78.6    93.7   0.304   0.386   0.279   0.221   0.237     4.1     4.0     4.4     3.9     3.7
04223 20260215  2.622 -121.45   48.54     6.9    -2.7     2.1     1.1     0.0     4.99 C     7.7    -6.8    -1.7    96.2    45.4    87.6   0.281   0.366   0.270   0.216   0.237     2.5     2.8     4.2     3.9     3.8
04223 20260216  2.622 -121.45   48.54     5.2    -1.7     1.7     1.0     0.0     2.34 C     6.4    -4.6    -0.1    95.9    69.2    89.7   0.270   0.354   0.260   0.208   0.233     2.1     2.3     3.7     3.4     3.5
04223 20260217  2.622 -121.45   48.54     6.3    -3.2     1.5     1.2     0.3     5.27 C    10.7    -6.8     0.0    96.0    53.9    84.3   0.264   0.348   0.255   0.203   0.230     2.2     2.3     3.6     3.2     3.3
04223 20260218  2.622 -121.45   48.54     2.4    -2.2     0.1     0.1     2.0     2.67 C     5.4    -5.8    -0.6    95.8    75.1    92.0   0.267   0.344   0.252   0.200   0.228     2.3     2.3     3.5     3.1     3.2
04223 20260219  2.622 -121.45   48.54     2.7    -1.8     0.4     0.7     0.0     3.10 C     4.2    -6.0    -1.3    94.6    41.6    54.5   0.266   0.342   0.252   0.200   0.228     1.6     1.9     3.4     3.0     3.1
04223 20260220  2.622 -121.45   48.54     5.3    -3.0     1.1     0.5     0.0     6.07 C     9.8    -7.5    -0.7    86.3    40.3    61.7   0.257   0.340   0.249   0.197   0.226     1.2     1.5     3.1     2.7     2.9
04223 20260221  2.622 -121.45   48.54    10.1    -0.6     4.7     5.6     0.0     2.87 C    10.4    -3.3     3.0    88.0    33.7    50.4   0.254   0.335   0.246   0.195   0.224     2.0     1.9     3.1     2.7     2.7
04223 20260222  2.622 -121.45   48.54     8.5     4.2     6.4     5.7     6.8     1.43 C    10.6     2.5     4.7    95.2    43.6    82.6   0.266   0.332   0.245   0.194   0.223     3.2     3.0     3.5     2.9     2.8
04223 20260223  2.622 -121.45   48.54     6.4     2.1     4.2     4.6    10.4     1.58 C     9.4    -0.6     4.3    95.9    89.5    94.4   0.306   0.387   0.281   0.219   0.235     3.8     3.6     3.9     3.3     3.1
04223 20260224  2.622 -121.45   48.54     7.1    -1.1     3.0     2.3     0.0     4.20 C     9.5    -3.9     1.5    96.5    69.2    91.8   0.282   0.368   0.273   0.217   0.236     3.3     3.3     4.1     3.5     3.3
04223 20260225  2.622 -121.45   48.54     6.2     0.9     3.5     3.6     4.2     2.27 C    11.2    -0.4     3.5    96.0    87.9    94.0   0.279   0.358   0.264   0.210   0.233     3.4     3.3     4.0     3.5     3.4
04223 20260226  2.622 -121.45   48.54     8.3     4.0     6.2     5.5     5.7     1.72 C    10.4     2.9     5.2    95.6    71.6    92.5   0.286   0.364   0.266   0.212   0.234     4.2     4.0     4.3     3.8     3.5
04223 20260227  2.622 -121.45   48.54     9.8     4.5     7.2     6.3     2.9     3.82 C    13.1     2.9     6.3    95.7    69.0    90.4   0.297   0.376   0.276   0.219   0.237     4.9     4.6     4.7     4.1     3.8
04223 20260228  2.622 -121.45   48.54    11.8     0.6     6.2     5.3     0.0     6.15 C    13.7    -3.6     3.2    96.4    49.6    86.9   0.276   0.360   0.267   0.212   0.234     4.8     4.7     4.9     4.4     4.1
04223 20260301  2.622 -121.45   48.54    14.3    -1.7     6.3     4.4     0.0     6.51 C    14.4    -5.5     0.4    96.2    38.5    81.4   0.266   0.351   0.259   0.206   0.231     3.5     3.6     4.6     4.2     4.1
04223 20260302  2.622 -121.45   48.54    15.4    -1.8     6.8     4.8     0.0     6.60 C    15.5    -5.5     0.9    96.2    39.0    80.6   0.260   0.342   0.253   0.201   0.229     3.1     3.2     4.2     3.9     3.8
04223 20260303  2.622 -121.45   48.54     8.4     1.5     4.9     5.8     5.6     0.90 C    10.3    -2.4     5.0    95.5    88.5    93.9   0.269   0.342   0.251   0.199   0.227     3.6     3.5     4.1     3.8     3.7
04223 20260304  2.622 -121.45   48.54     9.6     6.0     7.8     7.2    13.0     2.34 C    13.6     4.5     7.0    95.7    85.0    93.8   0.305   0.379   0.275   0.215   0.234     5.1     4.7     4.7     4.1     3.9
04223 20260305  2.622 -121.45   48.54     9.4     5.1     7.2     6.5     4.3     5.85 C    14.4     3.2     6.9    95.5    69.1    91.0   0.293   0.383   0.284   0.224   0.239     5.8     5.5     5.2     4.6     4.2
04223 20260306  2.622 -121.45   48.54     8.8     4.6     6.7     6.4    11.0     2.88 C    12.6     3.9     6.9    95.4    83.4    92.9   0.292   0.382   0.279   0.221   0.238     6.0     5.7     5.5     5.0     4.6
04223 20260307  2.622 -121.45   48.54     9.8     6.4     8.1     7.9    13.4     0.98 C    11.3     6.0     7.9    95.5    91.7    94.8   0.302   0.394   0.292   0.231   0.242     6.4     6.1     5.9     5.4     4.9
04223 20260308  2.622 -121.45   48.54    10.5     2.9     6.7     7.3    27.8     3.15 C    11.0    -0.6     6.2    95.4    40.4    82.2   0.298   0.403   0.306   0.247   0.258     6.8     6.6     6.4     5.8     5.3
04223 20260309  2.622 -121.45   48.54     3.7     0.1     1.9     1.3     9.1     2.11 C     7.1    -1.2     0.6    95.8    74.7    91.3   0.276   0.377   0.273   0.219   0.240     4.9     5.1     6.1     5.7     5.4
04223 20260310  2.622 -121.45   48.54     6.2    -0.9     2.7     1.6    12.1     7.11 C     4.4    -7.2     0.2    96.4    60.1    91.1   0.289   0.389   0.283   0.225   0.241     4.1     4.2     5.4     5.1     5.1
04223 20260311  2.622 -121.45   48.54     8.5     0.1     4.3     1.1    27.3     0.51 C     1.3    -0.3     0.0    96.2    67.0    94.3   0.305   0.411   0.309   0.246   0.253     3.3     3.5     4.9     4.7     4.7
04223 20260312  2.622 -121.45   48.54     6.7     0.0     3.4     3.1     7.8     2.08 C     7.4    -0.2     2.2    96.0    54.3    84.3   0.290   0.397   0.294   0.236   0.249     3.3     3.4     4.5     4.1     4.2
04223 20260313  2.622 -121.45   48.54     2.2     0.0     1.1     0.9     9.0     2.30 C     0.2    -0.4    -0.1    96.1    93.8    95.5   0.285   0.387   0.281   0.225   0.243     3.0     3.2     4.5     4.1     4.1
04223 20260314  2.622 -121.45   48.54     6.0    -1.0     2.5     2.1     0.0     7.57 C    14.8    -2.9     1.8    96.4    65.9    88.2   0.288   0.393   0.288   0.229   0.245     3.4     3.4     4.3     3.9     3.9
04223 20260315  2.622 -121.45   48.54     7.6    -1.4     3.1     2.3    11.3     5.32 C    12.0    -3.5     2.7    95.6    47.1    85.2   0.275   0.385   0.276   0.220   0.241     3.5     3.5     4.4     4.0     3.9
04223 20260316  2.622 -121.45   48.54     7.2     1.7     4.4     4.2    26.5     1.82 C    11.2     1.7     4.8    95.6    93.0    94.6   0.304   0.415   0.309   0.250   0.257     4.1     4.0     4.5     4.1     3.9
04223 20260317  2.622 -121.45   48.54     8.8     4.9     6.9     6.4    29.0     1.42 C    11.7     4.6     6.8    95.3    91.8    94.8   0.307   0.416   0.310   0.251   0.257     5.2     4.9     4.9     4.4     4.1
04223 20260318  2.622 -121.45   48.54    10.2     6.2     8.2     7.8    62.1     1.08 C    12.4     6.1     8.1    95.3    93.3    94.9   0.322   0.431   0.336   0.272   0.275     6.4     6.0     5.7     5.1     4.6
04223 20260319  2.622 -121.45   48.54    12.1     7.3     9.7     9.2    34.1     2.22 C    15.1     7.3     9.7    95.2    90.3    94.4   0.308   0.420   0.319   0.260   0.266     7.6     7.1     6.6     5.9     5.3
04223 20260320  2.622 -121.45   48.54    13.4     6.6    10.0     9.4    70.7     1.33 C    16.2     5.7     9.4    95.2    75.7    93.7   0.316   0.429   0.331   0.275   0.274     8.6     8.2     7.6     6.9     6.2
04223 20260321  2.622 -121.45   48.54    11.8     1.6     6.7     6.3     0.4    12.07 C    22.9    -1.6     6.7    95.4    37.0    78.1   0.270   0.383   0.278   0.224   0.245     8.3     8.0     7.9     7.2     6.6
04223 20260322  2.622 -121.45   48.54    11.8    -0.5     5.6     4.6     0.0     9.60 C    22.2    -3.5     3.8    96.0    42.8    79.3   0.254   0.368   0.263   0.210   0.236     6.7     6.7     7.4     6.9     6.6
04223 20260323  2.622 -121.45   48.54    12.1    -1.8     5.2     5.1     0.0    10.17 C    19.7    -5.6     5.0    95.8    44.2    76.5   0.245   0.360   0.255   0.203   0.231     6.0     6.0     6.8     6.5     6.3
04223 20260324  2.622 -121.45   48.54    10.4     4.0     7.2     5.8    27.2     0.35 C     8.9     3.0     5.3    95.1    70.4    92.0   0.282   0.401   0.291   0.232   0.246     6.0     6.0     6.7     6.3     6.1
04223 20260325  2.622 -121.45   48.54    10.2     1.8     6.0     5.2     7.8     4.28 C    14.9     0.0     5.1    95.7    50.5    87.8   0.280   0.400   0.283   0.227   0.244     6.3     6.2     6.6     6.2     6.0
04223 20260326  2.622 -121.45   48.54    11.0    -0.5     5.3     4.2     1.3    13.27 C    22.4    -3.8     5.2    95.8    31.6    80.2   0.270   0.389   0.277   0.222   0.242     6.4     6.2     6.6     6.1     5.9
04223 20260327  2.622 -121.45   48.54    16.1    -0.5     7.8     6.3     0.0    11.73 C    24.8    -3.7     5.9    95.6    25.6    73.6   0.254   0.371   0.263   0.210   0.236     6.1     6.0     6.5     6.1     5.9
04223 20260328  2.622 -121.45   48.54    12.2     0.7     6.5     6.1     2.2     7.40 C    21.3    -2.5     6.4    96.1    46.3    83.1   0.249   0.360   0.255   0.203   0.231     6.4     6.3     6.5     6.1     5.9
04223 20260329  2.622 -121.45   48.54     7.9     0.7     4.3     4.3     3.8     5.26 C    14.5    -1.1     5.2    95.1    64.9    88.7   0.262   0.364   0.255   0.202   0.229     6.7     6.6     6.8     6.3     6.0
04223 20260330  2.622 -121.45   48.54    11.2    -0.6     5.3     3.5     0.0    12.88 C    21.3    -4.0     4.0    96.1    30.5    75.8   0.258   0.365   0.258   0.205   0.231     6.2     6.2     6.7     6.3     6.0
04223 20260331  2.622 -121.45   48.54    15.1    -0.6     7.3     6.1     0.0    10.51 C    23.6    -3.1     5.9    93.1    21.6    68.5   0.245   0.355   0.253   0.201   0.228     6.0     5.9     6.4     6.1     5.9
04223 20260401  2.622 -121.45   48.54    12.8     4.3     8.6     7.4     6.3     7.07 C    23.4     2.4     8.2    95.0    46.7    80.6   0.250   0.354   0.250   0.197   0.225     7.0     6.7     6.7     6.2     5.9
04223 20260402  2.622 -121.45   48.54     8.9     5.0     6.9     6.7     2.2     5.27 C    13.0     3.3     7.3    95.2    76.0    90.1   0.270   0.370   0.259   0.205   0.229     7.4     7.1     7.0     6.6     6.2
04223 20260403  2.622 -121.45   48.54    13.7     4.1     8.9     8.6     0.9    13.22 C    27.5    -0.3    10.3    95.2    45.4    78.8   0.259   0.366   0.258   0.205   0.230     8.5     8.0     7.4     6.9     6.4
04223 20260404  2.622 -121.45   48.54    19.1     1.0    10.1     9.0     0.0    13.25 C    27.9    -2.2     8.0    96.1    34.7    75.2   0.245   0.354   0.253   0.200   0.227     8.2     8.0     7.7     7.2     6.7
04223 20260405  2.622 -121.45   48.54    23.4     3.8    13.6    11.7     0.0    13.30 C    31.8     0.2     9.9    94.8    24.5    68.4   0.235   0.344   0.247   0.195   0.224     8.6     8.3     7.8     7.4     6.9
04223 20260406  2.622 -121.45   48.54    23.5     4.4    14.0    13.7     0.0    14.00 C    31.4     0.4    11.9    93.8    31.2    60.2   0.228   0.335   0.243   0.190   0.220     9.2     8.8     8.1     7.7     7.1
04223 20260407  2.622 -121.45   48.54    15.2     2.1     8.6     9.8     0.0    15.43 C    27.4    -2.5     8.9    86.6    29.4    54.2   0.222   0.327   0.238   0.186   0.217     9.5     9.2     8.6     8.1     7.5
04223 20260408  2.622 -121.45   48.54    18.1    -1.4     8.4     7.9     0.0    15.49 C    29.1    -4.8     6.6    94.8    28.1    67.4   0.216   0.320   0.235   0.183   0.214     8.2     8.2     8.3     8.0     7.6
04223 20260409  2.622 -121.45   48.54    22.5     0.0    11.2    10.0     0.0    15.80 C    31.1    -3.9     8.1    94.4    19.6    64.3   0.211   0.317   0.231   0.179   0.211     8.3     8.2     8.1     7.8     7.5
04223 20260410  2.622 -121.45   48.54    21.7     3.0    12.3    11.8     0.0    10.56 C    29.3    -1.5     9.8    89.5    27.9    63.6   0.207   0.310   0.227   0.176   0.208     8.7     8.5     8.2     7.9     7.5
04223 20260411  2.622 -121.45   48.54    11.5     5.3     8.4     9.0     2.1     3.59 C    14.7     1.7     8.9    94.5    73.8    89.3   0.208   0.310   0.225   0.173   0.205     8.8     8.6     8.4     8.1     7.6
04223 20260412  2.622 -121.45   48.54    17.7     7.0    12.3    11.7     0.3    16.19 C    29.4     3.9    13.5    95.5    48.6    78.7   0.212   0.311   0.225   0.173   0.205    10.3     9.8     8.8     8.3     7.8
04223 20260413  2.622 -121.45   48.54    10.4     6.4     8.4     8.6     6.4     4.94 C    15.5     6.5    10.0    94.0    81.9    89.4   0.233   0.320   0.225   0.173   0.204    10.3    10.0     9.4     8.8     8.2
04223 20260414  2.622 -121.45   48.54     7.0     4.5     5.7     6.0    27.9     1.48 C     8.9     4.8     6.9    95.0    90.4    93.8   0.281   0.384   0.265   0.200   0.217     9.0     9.0     9.2     8.8     8.4
04223 20260415  2.622 -121.45   48.54     9.1     2.0     5.5     4.7     6.2    12.52 C    22.6     0.9     7.3    95.5    53.9    85.8   0.277   0.399   0.287   0.231   0.244     8.6     8.6     8.8     8.5     8.2
04223 20260416  2.622 -121.45   48.54     9.7     1.9     5.8     5.2     0.0     9.94 C    21.0    -1.4     7.0    94.7    58.8    83.2   0.261   0.382   0.273   0.218   0.238     8.6     8.5     8.7     8.4     8.1
04223 20260417  2.622 -121.45   48.54    15.5     1.9     8.7     7.4     0.0    19.07 C    27.7     0.3     9.3    95.7    30.2    72.5   0.243   0.363   0.258   0.206   0.231     9.0     8.8     8.7     8.4     8.0
04223 20260418  2.622 -121.45   48.54    21.1     0.6    10.8    10.3     0.0    18.62 C    31.3    -1.8    11.1    95.2    20.5    66.2   0.231   0.347   0.250   0.197   0.225     9.6     9.3     8.8     8.5     8.2
04223 20260419  2.622 -121.45   48.54    25.8     3.6    14.7    12.9     0.0    12.66 C    31.2    -0.1    11.4    92.4    20.9    64.9   0.222   0.337   0.243   0.191   0.220    10.1     9.8     9.2     8.8     8.4
04223 20260420  2.622 -121.45   48.54    27.3     5.1    16.2    14.9     0.0    17.69 C    34.5     1.2    14.2    93.3    21.2    63.2   0.213   0.323   0.237   0.185   0.216    11.3    10.7     9.6     9.2     8.6
04223 20260421  2.622 -121.45   48.54    19.6     6.8    13.2    12.7     0.0    12.35 C    29.9     3.7    13.3    91.7    48.1    70.5   0.207   0.315   0.231   0.180   0.212    11.5    11.1    10.2     9.7     9.1
04223 20260422  2.622 -121.45   48.54    13.7     9.8    11.8    11.2     0.0     4.17 C    18.8     9.7    11.9    92.6    68.8    82.6   0.205   0.309   0.228   0.176   0.208    11.3    11.0    10.4    10.0     9.4
04223 20260423  2.622 -121.45   48.54    15.1     4.7     9.9    10.6     0.7    10.51 C    29.3     1.2    11.3    95.2    48.5    75.5   0.204   0.307   0.226   0.174   0.206    11.3    11.0    10.5    10.0     9.5
04223 20260424  2.622 -121.45   48.54    18.1     1.5     9.8     8.8     0.0    19.33 C    28.5    -1.9     8.7    95.8    11.6    61.1   0.200   0.300   0.222   0.171   0.203    10.5    10.5    10.4    10.0     9.5
04223 20260425  2.622 -121.45   48.54    19.2    -1.2     9.0     8.8     0.0    19.76 C    29.7    -4.5     8.0    90.3    10.3    52.7   0.194   0.292   0.217   0.167   0.200     9.7     9.8    10.0     9.7     9.4
04223 20260426  2.622 -121.45   48.54    20.0    -0.2     9.9     9.9     0.0    18.15 C    32.5    -4.1     9.7    88.7    19.5    55.9   0.188   0.282   0.212   0.163   0.197     9.8     9.7     9.7     9.5     9.2
04223 20260427  2.622 -121.45   48.54    17.8     0.9     9.4    10.5     0.0    17.51 C    32.7    -2.4    11.4    92.5    43.8    66.1   0.182   0.274   0.207   0.159   0.194    10.3    10.0     9.8     9.6     9.2
04223 20260428  2.622 -121.45   48.54    14.8     8.4    11.6    11.2     1.6     6.73 C    20.1     5.8    11.8    94.8    53.4    77.7   0.180   0.271   0.204   0.157   0.191    11.1    10.8    10.3     9.8     9.3
04223 20260429  2.622 -121.45   48.54    22.1     8.0    15.1    13.7     0.0    19.65 C    31.3     3.7    14.4    90.8    36.0    68.7   0.179   0.267   0.201   0.154   0.188    12.2    11.6    10.6    10.1     9.6
04223 20260430  2.622 -121.45   48.54    26.5     6.0    16.3    14.9     0.0    16.16 C    32.4     2.4    13.6    93.6    18.9    64.0   0.173   0.257   0.196   0.151   0.185    12.2    11.8    11.0    10.5     9.9
04223 20260501  2.622 -121.45   48.54    27.1     6.7    16.9    16.6     0.0    18.74 C    33.0     3.0    16.0    91.7    22.5    59.8   0.165   0.247   0.191   0.147   0.182    12.9    12.4    11.3    10.8    10.2
04223 20260502  2.622 -121.45   48.54    27.5     8.7    18.1    16.3     0.0    16.63 C    34.7     5.0    15.9    93.2    30.6    67.7   0.157   0.237   0.186   0.143   0.178    13.7    13.4    11.8    11.3    10.5
04223 20260503  2.622 -121.45   48.54    29.6     7.8    18.7    17.7     0.0    20.71 C    35.6     4.0    16.3    91.9    18.7    60.1   0.148   0.224   0.180   0.138   0.175    13.9    13.7    12.1    11.7    11.0
04223 20260504  2.622 -121.45   48.54    28.6     8.5    18.5    18.1     0.0    20.05 C    35.2     4.2    16.7    89.8    26.2    59.1   0.137   0.214   0.174   0.133   0.171    14.2    14.0    12.4    12.0    11.2
04223 20260505  2.622 -121.45   48.54    21.7     7.8    14.8    14.9     0.0    20.60 C    32.0     4.3    15.3    94.7    48.6    73.4   0.128   0.203   0.168   0.128   0.167    14.2    14.1    12.7    12.2    11.5
04223 20260506  2.622 -121.45   48.54 -9999.0 -9999.0 -9999.0 -9999.0 -9999.0 -9999.00 U -9999.0 -9999.0 -9999.0 -9999.0 -9999.0 -9999.0 -99.000 -99.000 -99.000 -99.000 -99.000 -9999.0 -9999.0 -9999.0 -9999.0 -9999.0
