04136 20260101  2.622 -117.53   47.42    -0.3   -10.0    -5.1    -3.8     2.0     1.52 C     2.0    -9.4    -3.0    89.3    76.9    83.6 -99.000   0.326   0.286   0.258   0.226     0.2     1.2     1.5     2.7     3.1
04136 20260102  2.622 -117.53   47.42     1.5    -0.5     0.5     0.3     2.8     0.94 C     1.0    -0.4     0.1    91.3    89.4    90.6 -99.000   0.329   0.287   0.259   0.226     0.2     1.1     1.4     2.5     2.9
04136 20260103  2.622 -117.53   47.42     8.4    -0.6     3.9     2.8     1.0     4.00 C     9.3    -2.3     1.2    91.4    66.4    86.4 -99.000   0.340   0.294   0.269   0.231     0.2     1.0     1.3     2.4     2.8
04136 20260104  2.622 -117.53   47.42     8.8     0.4     4.6     4.6     7.4     3.26 C     8.4    -2.5     1.8    89.0    66.3    80.3 -99.000   0.362   0.311   0.287   0.244     0.2     0.9     1.2     2.2     2.6
04136 20260105  2.622 -117.53   47.42     5.5    -2.5     1.5     2.2     0.3     3.89 C     8.2    -5.7     0.3    88.6    64.3    82.4 -99.000   0.363   0.312 -99.000   0.247     0.2     1.0     1.2     2.2     2.5
04136 20260106  2.622 -117.53   47.42     3.5    -0.1     1.7     1.3     3.1     0.58 C     1.1    -1.1     0.0    87.5    68.9    80.7 -99.000   0.361   0.311 -99.000   0.246     0.3     1.0     1.2     2.2     2.5
04136 20260107  2.622 -117.53   47.42     3.8    -1.5     1.1     1.2     6.4     4.02 C     5.4    -4.2     0.1    89.9    59.5    74.6 -99.000   0.362   0.312 -99.000   0.247     0.3     0.9     1.2     2.2     2.4
04136 20260108  2.622 -117.53   47.42     1.7    -4.9    -1.6    -1.1     0.0     3.51 C     0.0   -12.6    -3.2    89.4    67.6    82.1 -99.000   0.358   0.309 -99.000   0.245     0.3     1.0     1.3     2.1     2.4
04136 20260109  2.622 -117.53   47.42     4.4    -6.1    -0.8    -0.5     0.0     4.41 C     1.6    -8.5    -2.8    90.2    72.3    85.0 -99.000   0.357   0.309   0.285   0.244     0.4     1.0     1.3     2.1     2.4
04136 20260110  2.622 -117.53   47.42     4.8    -7.0    -1.1    -1.6     0.0     3.80 C     3.2    -8.9    -3.6    88.4    61.0    80.1 -99.000   0.357   0.308 -99.000   0.244     0.4     1.0     1.3     2.1     2.4
04136 20260111  2.622 -117.53   47.42     5.5    -2.6     1.4     2.8     0.0     1.75 C     3.0    -3.5     0.2    86.2    59.4    69.2 -99.000   0.357   0.308   0.282   0.244     0.3     0.9     1.2     2.1     2.3
04136 20260112  2.622 -117.53   47.42    11.6     3.3     7.4     7.0     0.0     3.47 C    14.1    -0.5     3.8    65.2    33.7    50.8 -99.000   0.360   0.310   0.281   0.246     0.9     1.1     1.4     2.1     2.3
04136 20260113  2.622 -117.53   47.42    12.2    -3.9     4.1     5.3     0.0     4.54 C    14.7    -5.9     2.8    89.5    40.9    65.0   0.291   0.357   0.309   0.282   0.244     2.0     1.8     2.1     2.4     2.6
04136 20260114  2.622 -117.53   47.42     6.9    -6.4     0.3    -1.1     0.0     7.24 C    11.3    -7.5    -1.4    92.3    64.8    84.7   0.286   0.352   0.306   0.269   0.241     1.0     1.6     2.0     2.6     2.8
04136 20260115  2.622 -117.53   47.42     2.3    -7.1    -2.4    -1.3     0.0     1.32 C     3.4    -7.9    -1.5    91.6    85.2    89.6 -99.000   0.349   0.303 -99.000   0.239     0.6     1.2     1.6     2.4     2.7
04136 20260116  2.622 -117.53   47.42     0.9    -0.4     0.2     0.0     0.0     0.88 C     2.3    -0.7     0.1    91.2    79.0    83.6   0.267   0.351   0.304   0.261   0.239     0.6     1.2     1.5     2.2     2.5
04136 20260117  2.622 -117.53   47.42    -0.3    -1.6    -1.0    -0.8     0.0     0.64 C     1.5    -1.4    -0.5    85.2    77.4    81.2   0.278   0.350   0.304   0.264   0.239     0.8     1.2     1.5     2.3     2.5
04136 20260118  2.622 -117.53   47.42    -0.4    -2.2    -1.3    -1.3     0.0     0.69 C     0.8    -1.7    -1.0    81.9    71.2    76.7   0.283   0.348   0.303   0.263   0.238     0.7     1.2     1.5     2.3     2.5
04136 20260119  2.622 -117.53   47.42    -1.1    -2.6    -1.8    -2.0     0.0     0.35 C    -0.5    -2.1    -1.5    83.2    74.7    78.8   0.282   0.346   0.302   0.263   0.237     0.6     1.1     1.5     2.2     2.5
04136 20260120  2.622 -117.53   47.42    -0.6    -2.8    -1.7    -1.9     0.0     1.29 C     1.3    -2.1    -1.3    81.5    65.2    73.4 -99.000   0.345   0.300   0.261   0.237     0.6     1.1     1.4     2.2     2.4
04136 20260121  2.622 -117.53   47.42    -2.1    -3.1    -2.6    -2.6     0.0     0.75 C     0.2    -2.7    -1.9    76.1    69.1    72.6 -99.000   0.343   0.299   0.254   0.234     0.5     1.1     1.4     2.2     2.4
04136 20260122  2.622 -117.53   47.42 -9999.0 -9999.0 -9999.0 -9999.0 -9999.0 -9999.00 U -9999.0 -9999.0 -9999.0 -9999.0 -9999.0 -9999.0 -99.000 -99.000 -99.000 -99.000 -99.000 -9999.0 -9999.0 -9999.0 -9999.0 -9999.0
04136 20260123  2.622 -117.53   47.42 -9999.0 -9999.0 -9999.0 -9999.0 -9999.0 -9999.00 U -9999.0 -9999.0 -9999.0 -9999.0 -9999.0 -9999.0 -99.000 -99.000 -99.000 -99.000 -99.000 -9999.0 -9999.0 -9999.0 -9999.0 -9999.0
04136 20260124  2.622 -117.53   47.42    -0.8   -12.7    -6.7    -5.9     0.0     6.89 C     8.2   -12.0    -4.5    86.4    54.0    76.1 -99.000   0.325   0.286 -99.000   0.226     0.2     0.9     1.1     2.0     2.2
04136 20260125  2.622 -117.53   47.42     2.3   -12.9    -5.3    -6.4     0.0     7.93 C     8.9   -12.0    -5.7    86.3    41.2    72.0 -99.000   0.319   0.281   0.253   0.223     0.1     0.7     1.0     1.8     2.1
04136 20260126  2.622 -117.53   47.42     1.8   -13.5    -5.9    -5.5     0.0     4.60 C     7.6   -12.4    -4.4    83.2    52.6    70.8 -99.000   0.312   0.275   0.246   0.219     0.0     0.7     0.9     1.7     2.0
04136 20260127  2.622 -117.53   47.42     6.6   -10.2    -1.8    -2.0     0.0     6.19 C    11.2   -10.1    -2.3    85.6    41.4    67.8 -99.000 -99.000   0.272 -99.000   0.216    -0.1     0.6     0.8     1.7     2.0
04136 20260128  2.622 -117.53   47.42     5.1    -3.6     0.7     0.6     1.9     6.58 C    10.8    -3.6     0.9    90.1    60.8    78.0 -99.000 -99.000   0.272 -99.000   0.215    -0.1     0.5     0.8     1.6     1.9
04136 20260129  2.622 -117.53   47.42     7.4    -1.8     2.8     2.9     0.0     2.61 C     8.3    -2.7     1.3    91.3    62.9    80.8 -99.000 -99.000   0.273   0.244   0.216    -0.1     0.5     0.8     1.6     1.9
04136 20260130  2.622 -117.53   47.42     9.0     0.3     4.6     4.8     0.9     2.48 C     8.2    -3.3     2.2    87.7    59.1    75.6 -99.000 -99.000   0.279   0.253   0.219    -0.1     0.5     0.8     1.5     1.8
04136 20260131  2.622 -117.53   47.42     8.4    -3.8     2.3     0.9     0.0     3.06 C     8.7    -5.3    -0.9    91.0    68.4    85.1 -99.000 -99.000   0.285   0.260   0.224    -0.1     0.5     0.7     1.5     1.8
04136 20260201  2.622 -117.53   47.42     4.7    -4.0     0.4     0.1     0.3     2.27 C     7.3    -6.2    -1.3    91.5    87.3    90.0 -99.000 -99.000   0.286   0.261   0.225     0.0     0.5     0.7     1.5     1.8
04136 20260202  2.622 -117.53   47.42     6.1    -5.8     0.1     0.2     0.4     2.24 C     6.9    -7.1    -1.3    91.1    78.0    87.7 -99.000 -99.000   0.286   0.261   0.225     0.0     0.6     0.8     1.5     1.8
04136 20260203  2.622 -117.53   47.42     7.5    -5.0     1.3     1.1     0.0     5.89 C    11.2    -6.1    -0.2    91.6    78.1    87.1 -99.000 -99.000 -99.000 -99.000 -99.000 -9999.0 -9999.0 -9999.0 -9999.0 -9999.0
04136 20260204  2.622 -117.53   47.42    11.4    -3.2     4.1     2.8     0.0     5.09 C    16.8    -4.9     1.4    92.5    60.3    84.3 -99.000 -99.000 -99.000 -99.000 -99.000 -9999.0 -9999.0 -9999.0 -9999.0 -9999.0
04136 20260205  2.622 -117.53   47.42     6.9    -4.3     1.3     0.8     0.0     8.17 C    15.0    -5.9     0.7    93.0    73.0    87.0 -99.000 -99.000   0.291 -99.000   0.228     0.1     0.7     0.8     1.5 -9999.0
04136 20260206  2.622 -117.53   47.42     2.6    -1.1     0.7     1.3     0.2     1.34 C     4.0    -0.8     1.3    93.7    87.4    90.3 -99.000   0.338   0.293 -99.000   0.229 -9999.0 -9999.0 -9999.0 -9999.0 -9999.0
04136 20260207  2.622 -117.53   47.42     5.8     0.9     3.4     3.4     4.1     2.63 C     8.7     0.4     3.3    91.0    79.4    87.0 -99.000 -99.000 -99.000 -99.000 -99.000 -9999.0 -9999.0 -9999.0 -9999.0 -9999.0
04136 20260208  2.622 -117.53   47.42     7.1     1.7     4.4     4.8     1.4     2.62 C    10.3    -0.3     4.1    90.6    74.0    85.4   0.286   0.347   0.302   0.275   0.237     2.0     1.6     1.7     2.0     2.1
04136 20260209  2.622 -117.53   47.42     7.3    -2.0     2.7     2.6     1.0     4.89 C    13.7    -4.7     2.0    89.9    55.4    80.8 -99.000 -99.000 -99.000 -99.000 -99.000 -9999.0 -9999.0 -9999.0 -9999.0 -9999.0
04136 20260210  2.622 -117.53   47.42     9.3    -6.1     1.6     1.1     0.0     9.71 C    15.5    -7.7    -0.1    90.0    39.6    74.1   0.282   0.346   0.301   0.276   0.238     1.6     1.9     2.2     2.5     2.7
04136 20260211  2.622 -117.53   47.42     8.2    -7.8     0.2    -1.2     0.0    10.14 C    15.8    -9.1    -1.2    90.2    41.5    76.6   0.274   0.343   0.299   0.273   0.236     0.9     1.5     1.9     2.5     2.7
04136 20260212  2.622 -117.53   47.42     6.8    -7.8    -0.5    -1.4     0.0     7.50 C    16.5    -8.8    -1.8    89.4    60.4    80.2   0.256   0.340   0.297 -99.000   0.234     0.5     1.2     1.6     2.2     2.5
04136 20260213  2.622 -117.53   47.42     7.5    -6.0     0.8     1.7     1.1     5.13 C    12.0    -7.7     1.1    88.8    54.5    76.4 -99.000   0.340   0.297 -99.000   0.234     0.5     1.1     1.4     1.9     2.3
04136 20260214  2.622 -117.53   47.42     7.0    -1.2     2.9     3.4     1.6     5.57 C    13.2    -3.8     3.2    90.1    59.6    79.1   0.275   0.347   0.302 -99.000   0.237     1.6     1.5     1.7     2.0     2.3
04136 20260215  2.622 -117.53   47.42     4.8    -2.5     1.1     1.7     0.0     3.20 C     8.8    -3.9     2.3    90.6    62.8    84.1   0.282   0.345   0.301 -99.000   0.237     2.0     2.0     2.1     2.1     2.6
04136 20260216  2.622 -117.53   47.42     7.3     0.2     3.8     2.8     4.8     1.21 C     6.7    -0.1     2.6    91.0    68.9    87.0   0.285   0.348   0.302 -99.000   0.238     2.6     2.5     2.6     2.5     2.8
04136 20260217  2.622 -117.53   47.42     5.1    -2.7     1.2     0.7     1.2     7.72 C    13.6    -6.9     1.3    90.2    49.7    80.7   0.288   0.351   0.305   0.280   0.241     2.5     2.5     2.6     2.8     3.0
04136 20260218  2.622 -117.53   47.42     1.0    -5.3    -2.2    -1.3     2.8     3.01 C     0.1   -10.7    -2.5    90.3    69.9    85.0   0.285   0.349   0.304   0.279   0.240     1.8     2.3     2.5     2.9     3.0
04136 20260219  2.622 -117.53   47.42     1.0    -5.8    -2.4    -2.1     1.2     7.17 C     4.9   -10.5    -2.9    86.8    58.9    77.4   0.285   0.350   0.305   0.279   0.241     1.1     1.7     2.0     2.7     2.9
04136 20260220  2.622 -117.53   47.42    -1.8   -14.1    -7.9    -5.8     0.0     6.94 C     5.1   -18.8    -6.0    86.8    54.0    75.0   0.286   0.350   0.304   0.280   0.240     0.8     1.4     1.7     2.4     2.7
04136 20260221  2.622 -117.53   47.42     6.1    -7.4    -0.7     0.1     0.0    11.00 C    13.2    -8.6    -0.1    84.5    47.4    65.5   0.276   0.347   0.302   0.278   0.239     0.7     1.2     1.5     2.3     2.5
04136 20260222  2.622 -117.53   47.42    11.8     0.5     6.1     5.8     0.0     8.62 C    18.9    -2.9     5.1    69.3    35.6    54.7   0.278   0.346   0.303   0.277   0.239     1.7     1.6     1.7     2.2     2.5
04136 20260223  2.622 -117.53   47.42     5.7     0.6     3.1     3.4     9.2     1.77 C     8.0    -0.5     3.1    89.8    57.5    81.5   0.292   0.353   0.307   0.281   0.241     2.8     2.6     2.6     2.6     2.8
04136 20260224  2.622 -117.53   47.42     4.6    -0.8     1.9     1.6     3.2     4.42 C    11.0    -0.9     3.1    91.0    66.7    85.1   0.297   0.360   0.312   0.287   0.247     3.0     2.8     2.8     2.9     3.0
04136 20260225  2.622 -117.53   47.42     7.4    -0.5     3.4     3.0     0.3    10.16 C    16.1    -0.9     3.5    91.2    43.8    69.3   0.294   0.358   0.310   0.286   0.245     3.3     3.1     3.1     3.2     3.2
04136 20260226  2.622 -117.53   47.42     9.3    -0.5     4.4     3.7     0.0    12.64 C    16.6    -2.9     3.6    81.2    37.4    62.1   0.289   0.353   0.307   0.282   0.243     2.9     3.0     3.1     3.3     3.4
04136 20260227  2.622 -117.53   47.42     9.3     0.5     4.9     4.4     0.0     4.95 C    11.2    -5.1     2.4    69.6    39.7    57.2   0.287   0.350   0.305   0.280   0.241     2.9     3.0     3.2     3.4     3.5
04136 20260228  2.622 -117.53   47.42    11.1    -5.7     2.7     1.8     0.0    12.97 C    23.9    -8.1     2.0    87.5    31.2    65.4   0.285   0.347   0.303   0.277   0.239     2.6     2.8     3.0     3.3     3.5
04136 20260301  2.622 -117.53   47.42    12.4    -8.0     2.2     1.1     0.0    14.11 C    23.5    -8.9     2.0    86.7    30.6    66.2   0.282   0.344   0.301   0.275   0.237     2.2     2.6     2.9     3.3     3.5
04136 20260302  2.622 -117.53   47.42    12.8    -7.2     2.8     1.6     0.0    13.93 C    23.2    -8.9     2.0    87.2    34.3    67.9   0.280   0.343   0.299 -99.000   0.236     2.2     2.5     2.8     3.1     3.4
04136 20260303  2.622 -117.53   47.42    14.7    -6.4     4.2     5.3     0.0     9.33 C    23.2    -7.8     4.5    87.7    44.6    68.0   0.279   0.341   0.299 -99.000   0.235     2.6     2.6     2.9     3.2     3.4
04136 20260304  2.622 -117.53   47.42     7.9     2.7     5.3     6.3    11.1     1.82 C     9.2     0.4     5.8    88.7    74.9    85.5   0.292   0.353   0.306   0.280   0.240     4.3     3.7     3.7     3.5     3.6
04136 20260305  2.622 -117.53   47.42    12.7    -2.2     5.2     3.9     0.0     9.14 C    22.1    -4.6     3.3    88.2    29.7    71.3   0.296   0.359   0.311   0.287   0.246     4.0     3.9     3.9     3.9     3.9
04136 20260306  2.622 -117.53   47.42    10.1    -0.4     4.9     4.9     0.0     7.83 C    22.5    -4.2     5.4    88.3    50.7    70.2   0.291   0.354   0.308   0.283   0.243     3.8     3.7     3.9     4.0     4.0
04136 20260307  2.622 -117.53   47.42    16.4     5.5    10.9     9.8     0.0     8.13 C    23.8     2.7     9.5    88.2    46.4    68.1   0.288   0.351   0.306   0.281   0.241     5.7     4.7     4.6     4.2     4.2
04136 20260308  2.622 -117.53   47.42    15.3     1.1     8.2     8.2     0.0    11.88 C    20.4    -3.7     7.0    82.6    28.2    56.8   0.286   0.348   0.304   0.279   0.239     5.9     5.4     5.3     4.8     4.7
04136 20260309  2.622 -117.53   47.42     6.7    -3.6     1.5     1.5     0.0    11.69 C    19.8    -7.1     1.2    77.6    24.4    49.3   0.283   0.345   0.302   0.276   0.237     3.8     4.4     4.7     4.8     4.8
04136 20260310  2.622 -117.53   47.42     6.0    -5.5     0.2     0.6     0.0    14.52 C    20.5   -10.1     1.3    85.4    27.4    56.3   0.281   0.343   0.300   0.274   0.236     3.0     3.5     3.9     4.4     4.5
04136 20260311  2.622 -117.53   47.42     8.2    -0.2     4.0     3.9     5.8     2.77 C     6.0    -3.0     2.8    86.6    51.1    73.7   0.287   0.348   0.303   0.277   0.238     2.9     3.3     3.6     4.1     4.2
04136 20260312  2.622 -117.53   47.42     8.1     0.1     4.1     5.3     5.0     4.00 C     8.2     0.0     4.3    89.9    45.7    59.7   0.289   0.351   0.306   0.281   0.241     3.9     3.9     4.0     4.1     4.2
04136 20260313  2.622 -117.53   47.42     0.7    -0.2     0.3     0.1    23.3     5.81 C     0.2    -0.5    -0.1    91.5    89.6    90.7   0.291   0.353   0.306   0.282   0.241     2.9     3.4     3.7     4.1     4.2
04136 20260314  2.622 -117.53   47.42     3.0    -7.3    -2.1    -0.1     1.3    17.33 C     0.0   -10.2    -2.3    91.6    46.1    73.0   0.304   0.367   0.316   0.292   0.250     2.3     2.9     3.2     3.9     4.0
04136 20260315  2.622 -117.53   47.42     2.4    -8.4    -3.0    -1.8     0.0    13.38 C     3.9   -11.4    -2.8    85.7    42.8    68.5   0.305   0.372   0.320   0.296   0.253     1.6     2.4     2.7     3.5     3.7
04136 20260316  2.622 -117.53   47.42     9.6     0.7     5.2     4.9     0.0     3.48 C     8.5     0.0     3.6    83.7    62.5    75.7   0.309   0.373   0.320   0.296   0.254     2.0     2.3     2.6     3.1     3.4
04136 20260317  2.622 -117.53   47.42    16.7     8.7    12.7    11.5     0.8     6.92 C    21.2     5.0     9.8    74.5    32.7    52.6   0.302   0.365   0.315 -99.000   0.250     4.6     3.6     3.5     3.4     3.6
04136 20260318  2.622 -117.53   47.42    15.8     6.2    11.0    11.6     0.0     6.28 C    19.3     2.0     9.4    79.8    40.5    53.9   0.296   0.360   0.312 -99.000   0.247     6.1     5.1     4.8     4.1     4.2
04136 20260319  2.622 -117.53   47.42    18.8    10.2    14.5    14.1     0.0     6.04 C    28.0     5.2    11.6    53.7    29.5    43.1   0.292   0.356   0.309 -99.000   0.244     7.0     6.0     5.6     4.8     4.8
04136 20260320  2.622 -117.53   47.42    16.0     8.1    12.0    12.7     0.0     5.03 C    17.7     5.5    10.7    82.6    41.9    58.0   0.289   0.352   0.307 -99.000   0.242     7.7     6.7     6.3     5.5     5.4
04136 20260321  2.622 -117.53   47.42    13.0    -2.2     5.4     7.8     0.0    15.44 C    26.0    -6.4     7.7    83.1    29.3    56.4   0.286   0.350   0.305   0.279   0.240     7.4     6.8     6.6     5.9     5.8
04136 20260322  2.622 -117.53   47.42    11.1    -4.5     3.3     3.0     0.0    18.43 C    23.8    -8.8     4.0    83.7    28.1    58.0   0.283   0.345   0.302   0.276   0.237     5.4     5.6     5.8     5.9     5.9
04136 20260323  2.622 -117.53   47.42    13.8    -5.1     4.4     5.3     0.0    12.20 C    24.6    -8.0     6.1    87.6    23.5    58.3   0.281   0.343   0.300   0.273   0.236     5.2     5.3     5.4     5.6     5.7
04136 20260324  2.622 -117.53   47.42    12.0     5.3     8.7     8.4    10.8     1.92 C    11.6     3.5     7.3    87.3    55.6    75.0   0.292   0.352   0.306 -99.000   0.239     6.2     5.9     5.8     5.6     5.7
04136 20260325  2.622 -117.53   47.42    12.6     0.2     6.4     6.8     0.0    15.56 C    25.0    -3.1     6.9    90.9    28.6    60.1   0.300   0.361   0.312 -99.000   0.247     6.5     6.1     6.1     5.7     5.9
04136 20260326  2.622 -117.53   47.42     8.6    -5.6     1.5     1.4     0.0    18.27 C    24.0    -8.5     2.9    83.9    27.3    58.6   0.293   0.355   0.308 -99.000   0.243     5.2     5.5     5.7     5.8     5.9
04136 20260327  2.622 -117.53   47.42    14.8    -6.2     4.3     4.7     0.0    19.49 C    29.5    -8.8     6.4    85.9    20.8    53.2   0.290   0.351   0.305   0.280   0.240     5.0     5.1     5.3     5.6     5.7
04136 20260328  2.622 -117.53   47.42    15.0    -1.5     6.8     6.2     0.0    14.26 C    26.7    -4.7     7.2    82.7    29.8    59.7   0.288   0.347   0.303   0.277   0.238     6.0     5.7     5.7     5.7     5.7
04136 20260329  2.622 -117.53   47.42     8.1    -3.5     2.3     3.8     0.5     5.07 C    13.5    -6.4     2.7    87.5    48.6    70.2   0.287   0.345   0.301   0.274   0.236     4.9     5.3     5.6     5.7     5.8
04136 20260330  2.622 -117.53   47.42     8.7    -7.2     0.7     2.2     0.0    19.72 C    26.1   -10.3     5.0    80.8    14.2    46.7   0.285   0.343   0.300   0.273   0.236     5.3     5.3     5.3     5.6     5.7
04136 20260331  2.622 -117.53   47.42    10.7    -7.6     1.5     2.8     0.0    16.98 C    29.5   -10.3     5.7    80.9    21.7    53.9   0.282   0.339   0.297   0.269   0.233     4.7     4.9     5.1     5.5     5.6
04136 20260401  2.622 -117.53   47.42     9.8    -1.0     4.4     5.2    15.1     5.40 C    17.1    -4.1     6.2    89.1    66.3    82.9   0.292   0.347   0.302   0.273   0.235     5.7     5.5     5.5     5.5     5.6
04136 20260402  2.622 -117.53   47.42     7.6     1.4     4.5     5.0     1.3     7.11 C    13.8     1.2     5.4    88.7    56.6    74.0   0.314   0.371   0.318   0.293   0.250     5.9     5.8     5.8     5.7     5.8
04136 20260403  2.622 -117.53   47.42    12.0    -2.2     4.9     4.6     0.0    19.03 C    25.8    -4.7     6.1    89.7    36.9    66.4   0.303   0.361   0.312   0.288   0.246     6.1     5.8     5.8     5.8     5.8
04136 20260404  2.622 -117.53   47.42    16.6    -3.8     6.4     6.3     0.0    20.64 C    31.4    -6.2     8.6    90.4    31.6    65.6   0.297   0.355   0.309   0.283   0.243     6.5     6.1     6.0     5.9     5.9
04136 20260405  2.622 -117.53   47.42    20.1    -1.1     9.5     9.9     0.0    17.21 C    32.3    -3.0    10.8    90.6    27.4    62.3   0.293   0.351   0.305   0.280   0.240     7.8     7.0     6.7     6.3     6.2
04136 20260406  2.622 -117.53   47.42    21.3    -0.4    10.5    11.3     0.0    20.20 C    32.8    -2.9    12.2    90.7    30.4    63.4   0.289   0.346   0.302   0.276   0.237     8.9     7.8     7.5     6.8     6.7
04136 20260407  2.622 -117.53   47.42    16.8     4.8    10.8    11.1     0.0    21.41 C    31.5    -3.2    11.5    85.4    17.1    42.4   0.285   0.341   0.299 -99.000   0.234     9.3     8.4     8.2     7.2     7.3
04136 20260408  2.622 -117.53   47.42    16.1    -4.8     5.7     6.4     0.0    21.83 C    31.4    -6.7     8.5    88.1    20.2    49.3   0.280   0.336   0.295 -99.000   0.231     8.3     8.0     8.0     7.5     7.5
04136 20260409  2.622 -117.53   47.42    17.7    -4.2     6.7     6.6     0.0    21.98 C    32.3    -6.6     8.9    89.3    18.3    57.1   0.277   0.331   0.291 -99.000   0.229     8.2     7.9     7.8     7.4     7.6
04136 20260410  2.622 -117.53   47.42    20.7    -3.6     8.6    10.2     0.0    17.91 C    33.4    -6.1    12.0    86.6    19.2    52.0   0.274   0.327   0.288 -99.000   0.226     8.6     8.0     7.9     7.2     7.6
04136 20260411  2.622 -117.53   47.42    17.2     5.9    11.6    11.2     0.0     9.73 C    27.3     1.6    11.5    83.7    42.4    66.0   0.272   0.325   0.286 -99.000   0.224    10.0     9.0     8.8     7.6     7.9
04136 20260412  2.622 -117.53   47.42    17.1     0.2     8.7     9.6     0.9    14.25 C    36.1    -1.3    11.7    90.5    41.1    72.8   0.270   0.322   0.284 -99.000   0.223     9.8     9.1     8.9     7.9     8.2
04136 20260413  2.622 -117.53   47.42    14.8     4.4     9.6     9.3     4.8     7.35 C    19.5     2.2     9.3    89.4    37.5    69.1   0.279   0.331   0.290 -99.000   0.227     9.7     9.3     9.1     8.2     8.5
04136 20260414  2.622 -117.53   47.42     8.6     2.5     5.5     5.1     3.0     9.10 C    16.0     0.7     5.8    81.6    47.9    69.7   0.279   0.332   0.292 -99.000   0.228     7.7     8.1     8.3     8.1     8.4
04136 20260415  2.622 -117.53   47.42    10.6    -1.9     4.3     5.3     8.1    12.89 C    20.6    -4.5     5.6    84.6    19.9    62.6   0.293   0.349   0.304 -99.000   0.237     7.2     7.5     7.7     7.7     8.0
04136 20260416  2.622 -117.53   47.42     9.1    -2.1     3.5     3.1     0.0    13.28 C    27.1    -5.9     4.8    84.2    30.5    57.6   0.291   0.349   0.304 -99.000   0.239     6.4     6.8     7.1     7.4     7.7
04136 20260417  2.622 -117.53   47.42    11.4    -2.9     4.2     3.5     0.0    20.46 C    29.0    -6.4     5.9    86.7    34.3    59.9   0.287   0.345   0.302 -99.000   0.237     6.5     6.6     6.8     7.1     7.4
04136 20260418  2.622 -117.53   47.42    16.4    -4.0     6.2     6.6     0.0    23.17 C    30.6    -6.8     8.9    87.6    24.0    58.2   0.283   0.341   0.298 -99.000   0.234     7.4     7.1     7.0     7.1     7.3
04136 20260419  2.622 -117.53   47.42    21.2    -0.7    10.2    10.8     0.0    20.87 C    34.5    -3.1    12.2    88.8    21.7    53.5   0.279   0.336   0.294 -99.000   0.231     8.9     8.1     7.9     7.3     7.5
04136 20260420  2.622 -117.53   47.42    24.7     0.1    12.4    12.6     0.0    21.14 C    37.2    -1.3    14.0    90.1    19.5    57.0   0.274   0.331   0.290 -99.000   0.228    10.4     9.3     8.8     7.7     8.0
04136 20260421  2.622 -117.53   47.42    21.3     2.0    11.6    13.4     0.0    21.32 C    33.9     0.1    15.3    89.9    36.8    58.2   0.272   0.325   0.286   0.256   0.225    11.3    10.1     9.7     8.7     8.6
04136 20260422  2.622 -117.53   47.42    10.5     5.3     7.9     7.8     9.7     2.28 C    13.6     4.0     8.5    90.4    77.0    87.7   0.283   0.337   0.294   0.265   0.229    10.3    10.1    10.0     9.3     9.1
04136 20260423  2.622 -117.53   47.42    14.6    -3.2     5.7     7.2     0.0    19.97 C    31.8    -5.5    10.2    87.3    15.3    52.6   0.283   0.341   0.299 -99.000   0.235     9.9     9.5     9.4     9.1     9.0
04136 20260424  2.622 -117.53   47.42    11.7    -5.9     2.9     3.1     0.0    18.80 C    32.3    -7.8     6.1    86.6    21.0    53.9   0.278   0.336   0.295 -99.000   0.233     8.5     8.7     8.9     8.9     8.9
04136 20260425  2.622 -117.53   47.42    13.5    -5.5     4.0     4.7     0.0    16.76 C    33.0    -8.0     6.8    86.3    23.0    54.8   0.275   0.333   0.293 -99.000   0.229     7.7     8.1     8.3     8.5     8.7
04136 20260426  2.622 -117.53   47.42    15.5    -1.6     7.0     7.3     0.0    18.58 C    33.6    -2.9    10.3    87.3    15.3    51.9   0.271   0.329   0.290 -99.000   0.228     8.7     8.4     8.3     8.3     8.5
04136 20260427  2.622 -117.53   47.42    16.3     1.9     9.1     9.5     0.0    18.56 C    31.8    -1.6    11.4    76.2    24.1    49.5   0.269   0.325   0.286 -99.000   0.226     9.6     8.9     8.9     8.3     8.6
04136 20260428  2.622 -117.53   47.42    16.3     0.9     8.6     9.1     0.0    20.08 C    31.7    -1.0    11.4    88.5    34.9    61.3   0.266   0.321   0.283 -99.000   0.222    10.2     9.5     9.3     8.6     8.8
04136 20260429  2.622 -117.53   47.42    19.2    -2.0     8.6     8.9     0.0    19.05 C    36.7    -3.2    11.7    90.4    30.2    63.1   0.262   0.317   0.279 -99.000   0.221    10.4     9.8     9.5     8.9     9.0
04136 20260430  2.622 -117.53   47.42    21.5    -1.4    10.0    11.0     0.0    24.37 C    36.8    -2.7    13.7    90.3    17.9    53.9   0.256   0.312   0.275 -99.000   0.217    11.2    10.3    10.0     9.1     9.3
04136 20260501  2.622 -117.53   47.42    23.8    -1.5    11.1    12.4     0.0    23.59 C    37.5    -2.6    15.0    89.0    21.5    55.4   0.255   0.306   0.270   0.237   0.213    12.1    11.0    10.6     9.8     9.6
04136 20260502  2.622 -117.53   47.42    25.4     1.9    13.6    14.5     0.0    23.07 C    41.0     0.7    16.7    89.4    18.0    54.1   0.249   0.300   0.264   0.230   0.209    13.2    11.9    11.4    10.4    10.1
04136 20260503  2.622 -117.53   47.42    25.8     1.3    13.6    14.7     0.0    24.76 C    39.0     0.4    17.2    90.2    12.3    52.6   0.243   0.294   0.258   0.224   0.206    13.7    12.4    11.9    10.9    10.5
04136 20260504  2.622 -117.53   47.42    25.4     1.5    13.4    15.1     0.0    22.83 C    39.2     0.3    17.1    90.1    20.5    50.1   0.236   0.287   0.251 -99.000   0.201    14.0    12.9    12.4    10.9    10.9
04136 20260505  2.622 -117.53   47.42    23.1     3.5    13.3    14.7     0.0    24.24 C    38.5     2.0    17.2    83.3    21.2    46.9   0.229   0.280   0.245   0.211   0.197    14.4    13.2    12.8    11.7    11.4
04136 20260506  2.622 -117.53   47.42 -9999.0 -9999.0 -9999.0 -9999.0 -9999.0 -9999.00 U -9999.0 -9999.0 -9999.0 -9999.0 -9999.0 -9999.0 -99.000 -99.000 -99.000 -99.000 -99.000 -9999.0 -9999.0 -9999.0 -9999.0 -9999.0
