04237 20260101  2.623 -123.81   47.51     8.2     1.8     5.0     4.8     1.8     1.07 C     8.5    -1.0     3.4    97.1    95.7    96.5   0.274   0.174 -99.000 -99.000 -99.000     3.7     3.8 -9999.0 -9999.0 -9999.0
04237 20260102  2.623 -123.81   47.51    10.2     3.4     6.8     6.8     7.0     0.64 C     8.2     1.0     5.8    96.8    85.8    95.4   0.298   0.190 -99.000 -99.000 -99.000     4.7     4.7 -9999.0 -9999.0 -9999.0
04237 20260103  2.623 -123.81   47.51    10.3     6.6     8.4     8.5    39.1     0.66 C    11.9     6.5     8.1    95.8    90.7    94.2   0.326   0.216 -99.000 -99.000 -99.000     6.2     6.0 -9999.0 -9999.0 -9999.0
04237 20260104  2.623 -123.81   47.51     7.4     3.0     5.2     5.8    27.6     0.91 C     8.8     3.3     6.1    96.1    92.1    94.8   0.327   0.217 -99.000 -99.000 -99.000     6.2     6.1 -9999.0 -9999.0 -9999.0
04237 20260105  2.623 -123.81   47.51     6.4     0.9     3.7     3.1     1.4     2.32 C     8.7     0.1     2.4    96.9    88.4    95.7   0.303   0.196 -99.000 -99.000 -99.000     5.1     5.2 -9999.0 -9999.0 -9999.0
04237 20260106  2.623 -123.81   47.51     3.8     2.6     3.2     3.3    70.7     0.06 C     4.6     0.6     3.2    96.7    94.1    95.7   0.337   0.220 -99.000 -99.000 -99.000     4.3     4.5 -9999.0 -9999.0 -9999.0
04237 20260107  2.623 -123.81   47.51     4.0     0.5     2.3     2.3    25.1     1.48 C     7.3     0.2     2.5    96.8    92.5    95.6   0.330   0.219 -99.000 -99.000 -99.000     3.9     4.1 -9999.0 -9999.0 -9999.0
04237 20260108  2.623 -123.81   47.51     3.9     0.6     2.2     2.3     8.2     1.17 C     5.6    -0.2     2.0    96.9    92.4    95.8   0.318   0.211 -99.000 -99.000 -99.000     3.8     4.0 -9999.0 -9999.0 -9999.0
04237 20260109  2.623 -123.81   47.51     7.6     2.9     5.3     4.9     2.5     2.02 C     9.2     2.5     4.6    96.5    87.3    93.1   0.304   0.201 -99.000 -99.000 -99.000     4.4     4.4 -9999.0 -9999.0 -9999.0
04237 20260110  2.623 -123.81   47.51     7.2     3.2     5.2     5.4    47.2     0.37 C     7.2     1.1     4.8    95.9    90.5    94.6   0.314   0.207 -99.000 -99.000 -99.000     4.6     4.6 -9999.0 -9999.0 -9999.0
04237 20260111  2.623 -123.81   47.51     8.3     6.4     7.3     7.4   113.8     0.10 C     9.0     6.1     7.3    96.2    94.2    95.6   0.350   0.233 -99.000 -99.000 -99.000     5.9     5.7 -9999.0 -9999.0 -9999.0
04237 20260112  2.623 -123.81   47.51    10.3     8.1     9.2     9.4    76.2     0.47 C    11.1     8.1     9.4    96.1    94.2    95.3   0.350   0.228 -99.000 -99.000 -99.000     7.6     7.3 -9999.0 -9999.0 -9999.0
04237 20260113  2.623 -123.81   47.51    12.3     4.5     8.4     9.2     0.7     2.36 C    13.8     1.4     8.3    96.3    92.2    95.2   0.307   0.201 -99.000 -99.000 -99.000     7.6     7.4 -9999.0 -9999.0 -9999.0
04237 20260114  2.623 -123.81   47.51     7.1     1.6     4.4     4.6     0.0     1.31 C     8.4     0.3     3.9    97.0    92.4    95.8   0.292   0.191 -99.000 -99.000 -99.000     5.9     6.0 -9999.0 -9999.0 -9999.0
04237 20260115  2.623 -123.81   47.51     8.7     0.6     4.6     4.1     0.0     2.90 C    12.3    -0.6     3.1    97.0    82.6    95.2   0.286   0.186 -99.000 -99.000 -99.000     5.4     5.6 -9999.0 -9999.0 -9999.0
04237 20260116  2.623 -123.81   47.51     7.3    -0.9     3.2     2.2     0.0     3.18 C     9.6    -2.8     0.4    98.5    95.0    96.6   0.281   0.182 -99.000 -99.000 -99.000     4.1     4.4 -9999.0 -9999.0 -9999.0
04237 20260117  2.623 -123.81   47.51     8.6    -0.1     4.2     3.1     0.0     3.29 C    10.5    -2.7     0.3    97.1    95.3    96.6   0.279   0.179 -99.000 -99.000 -99.000     3.4     3.7 -9999.0 -9999.0 -9999.0
04237 20260118  2.623 -123.81   47.51     7.6    -0.8     3.4     2.3     0.0     3.53 C     9.3    -3.6    -0.3    97.2    95.2    96.6   0.275   0.176 -99.000 -99.000 -99.000     2.8     3.1 -9999.0 -9999.0 -9999.0
04237 20260119  2.623 -123.81   47.51     8.2    -0.7     3.7     2.1     0.0     3.73 C     9.3    -4.1    -0.8    97.2    95.1    96.6   0.273   0.174 -99.000 -99.000 -99.000     2.3     2.6 -9999.0 -9999.0 -9999.0
04237 20260120  2.623 -123.81   47.51     6.7    -1.1     2.8     1.4     0.0     4.08 C     9.4    -4.6    -1.0    97.2    90.7    96.3   0.279   0.172 -99.000 -99.000 -99.000     2.0     2.3 -9999.0 -9999.0 -9999.0
04237 20260121  2.623 -123.81   47.51     6.0    -1.5     2.2     0.9     0.0     3.98 C     7.7    -4.9    -1.6    97.5    94.1    96.3   0.291   0.170 -99.000 -99.000 -99.000     1.6     1.9 -9999.0 -9999.0 -9999.0
04237 20260122  2.623 -123.81   47.51     5.2    -1.3     1.9     1.8     0.2     2.42 C     7.1    -4.7     0.7    96.9    90.7    96.0   0.310   0.169 -99.000 -99.000 -99.000     1.6     1.8 -9999.0 -9999.0 -9999.0
04237 20260123  2.623 -123.81   47.51     6.4    -1.1     2.7     3.0     0.0     4.27 C    10.3    -4.2     1.8    97.1    76.9    94.8   0.273   0.171 -99.000 -99.000 -99.000     2.8     2.8 -9999.0 -9999.0 -9999.0
04237 20260124  2.623 -123.81   47.51     5.0    -2.7     1.2    -0.2     0.0     4.82 C     7.0    -6.3    -2.5    97.1    84.4    95.4   0.294   0.167 -99.000 -99.000 -99.000     1.4     1.8 -9999.0 -9999.0 -9999.0
04237 20260125  2.623 -123.81   47.51     3.9    -3.3     0.3    -0.9     0.0     4.53 C     6.0    -6.9    -3.0    96.6    89.7    95.3   0.328   0.177 -99.000 -99.000 -99.000     0.8     1.2 -9999.0 -9999.0 -9999.0
04237 20260126  2.623 -123.81   47.51     7.6    -1.2     3.2     2.3     0.0     2.75 C     8.4    -4.3     0.8    96.5    92.9    95.8   0.309   0.173 -99.000 -99.000 -99.000     1.0     1.2 -9999.0 -9999.0 -9999.0
04237 20260127  2.623 -123.81   47.51     9.5     2.7     6.1     5.8     8.9     2.53 C    11.1     0.2     4.6    96.7    71.8    94.0   0.279   0.172 -99.000 -99.000 -99.000     2.4     2.3 -9999.0 -9999.0 -9999.0
04237 20260128  2.623 -123.81   47.51     8.0     5.8     6.9     7.0    66.1     0.19 C     8.2     5.0     6.5    95.9    92.9    94.6   0.340   0.225 -99.000 -99.000 -99.000     4.2     4.0 -9999.0 -9999.0 -9999.0
04237 20260129  2.623 -123.81   47.51     9.9     7.4     8.7     8.8    49.9     0.35 C    10.2     6.9     8.3    96.3    95.4    95.8   0.337   0.225 -99.000 -99.000 -99.000     5.6     5.3 -9999.0 -9999.0 -9999.0
04237 20260130  2.623 -123.81   47.51    10.2     7.7     8.9     8.9    44.2     0.21 C    10.6     6.8     8.5    96.0    92.1    95.4   0.332   0.220 -99.000 -99.000 -99.000     6.4     6.1 -9999.0 -9999.0 -9999.0
04237 20260131  2.623 -123.81   47.51    11.2     7.0     9.1     9.2    12.1     1.30 C    12.2     6.0     8.8    96.2    88.3    94.5   0.317   0.210 -99.000 -99.000 -99.000     6.9     6.6 -9999.0 -9999.0 -9999.0
04237 20260201  2.623 -123.81   47.51    11.4     7.0     9.2     8.8    47.9     1.41 C    13.6     6.4     8.7    96.2    92.4    95.2   0.336   0.221 -99.000 -99.000 -99.000     7.0     6.8 -9999.0 -9999.0 -9999.0
04237 20260202  2.623 -123.81   47.51     9.4     6.5     7.9     8.0    44.0     0.91 C    10.7     5.9     8.1    96.3    91.8    94.7   0.341   0.223 -99.000 -99.000 -99.000     7.2     7.0 -9999.0 -9999.0 -9999.0
04237 20260203  2.623 -123.81   47.51    14.5     6.8    10.7    10.5     0.0     2.69 C    15.6     4.5     9.5    96.2    78.1    93.7   0.302   0.199 -99.000 -99.000 -99.000     7.4     7.2 -9999.0 -9999.0 -9999.0
04237 20260204  2.623 -123.81   47.51    17.5     6.6    12.1    10.5     0.0     4.79 C    19.5     3.7     9.4    96.3    68.8    93.8   0.292   0.191 -99.000 -99.000 -99.000     8.0     7.8 -9999.0 -9999.0 -9999.0
04237 20260205  2.623 -123.81   47.51    13.9     4.4     9.1     7.7     0.0     5.35 C    16.9     1.8     5.9    96.6    81.9    95.2   0.285   0.185 -99.000 -99.000 -99.000     6.7     6.7 -9999.0 -9999.0 -9999.0
04237 20260206  2.623 -123.81   47.51    14.1     3.8     9.0     7.7     0.0     4.71 C    16.2     0.8     6.5    96.6    73.3    94.1   0.280   0.181 -99.000 -99.000 -99.000     6.3     6.3 -9999.0 -9999.0 -9999.0
04237 20260207  2.623 -123.81   47.51    10.5     6.3     8.4     9.0    56.7     0.05 C    10.8     4.3     8.6    96.1    95.2    95.7   0.324   0.210 -99.000 -99.000 -99.000     7.4     7.1 -9999.0 -9999.0 -9999.0
04237 20260208  2.623 -123.81   47.51     9.1     2.8     6.0     5.5     0.0     5.69 C    14.0     1.1     5.3    96.7    77.2    93.8   0.298   0.197 -99.000 -99.000 -99.000     6.8     6.8 -9999.0 -9999.0 -9999.0
04237 20260209  2.623 -123.81   47.51     8.7     4.2     6.5     6.2    19.5     2.71 C    13.3     3.2     6.8    96.4    87.5    94.6   0.316   0.208 -99.000 -99.000 -99.000     6.7     6.6 -9999.0 -9999.0 -9999.0
04237 20260210  2.623 -123.81   47.51    11.1     2.4     6.7     5.8     1.8     7.43 C    15.3     0.6     5.5    97.0    58.5    92.5   0.306   0.203 -99.000 -99.000 -99.000     6.6     6.6 -9999.0 -9999.0 -9999.0
04237 20260211  2.623 -123.81   47.51    10.8     2.0     6.4     4.7     0.0     7.45 C    15.3    -0.4     3.6    96.9    68.0    92.4   0.286   0.189 -99.000 -99.000 -99.000     5.6     5.7 -9999.0 -9999.0 -9999.0
04237 20260212  2.623 -123.81   47.51    10.9     1.5     6.2     5.4     2.2     6.53 C    16.8    -0.4     5.4    97.1    69.0    91.0   0.281   0.183 -99.000 -99.000 -99.000     5.6     5.6 -9999.0 -9999.0 -9999.0
04237 20260213  2.623 -123.81   47.51     7.3     3.7     5.5     5.5    22.3     1.29 C     8.5     4.0     6.2    96.3    89.7    95.1 -99.000   0.205 -99.000 -99.000 -99.000 -9999.0 -9999.0 -9999.0 -9999.0 -9999.0
04237 20260214  2.623 -123.81   47.51     9.2     0.3     4.7     4.0     2.4     8.48 C    16.1    -1.7     4.8    96.7    60.6    91.4   0.312   0.220 -99.000 -99.000 -99.000     6.1     6.0 -9999.0 -9999.0 -9999.0
04237 20260215  2.623 -123.81   47.51     8.5    -1.3     3.6     2.3     0.0     8.92 C    13.7    -4.1     2.0    96.9    56.6    89.2   0.294   0.193 -99.000 -99.000 -99.000     4.9 -9999.0 -9999.0 -9999.0 -9999.0
04237 20260216  2.623 -123.81   47.51     4.2     0.0     2.1     1.5    14.2     2.92 C     9.2    -1.1     2.1    96.6    87.3    95.4   0.303   0.195 -99.000 -99.000 -99.000     4.6     4.8 -9999.0 -9999.0 -9999.0
04237 20260217  2.623 -123.81   47.51     4.7    -1.1     1.8     0.9     9.4     4.68 C     6.3    -3.2     0.7    96.8    81.4    95.6   0.318   0.211 -99.000 -99.000 -99.000     4.0     4.2 -9999.0 -9999.0 -9999.0
04237 20260218  2.623 -123.81   47.51     5.2    -1.7     1.7     0.6     0.0     5.56 C    10.0    -4.6     0.2    96.6    75.8    94.3   0.291   0.214 -99.000 -99.000 -99.000     3.3     3.2 -9999.0 -9999.0 -9999.0
04237 20260219  2.623 -123.81   47.51     7.1    -1.3     2.9     1.2     0.0     6.30 C    14.9    -3.2     1.4    96.7    67.5    92.5   0.284   0.189 -99.000 -99.000 -99.000     3.5     3.6 -9999.0 -9999.0 -9999.0
04237 20260220  2.623 -123.81   47.51     4.8    -1.5     1.7     1.7     0.4     2.19 C     6.5    -3.3     1.8    96.3    79.7    92.4   0.279   0.183 -99.000 -99.000 -99.000     3.4     3.5 -9999.0 -9999.0 -9999.0
04237 20260221  2.623 -123.81   47.51     6.6     2.8     4.7     4.8    25.0     0.36 C     5.9     2.0     4.1    95.0    65.0    88.3   0.308   0.200 -99.000 -99.000 -99.000     4.0     4.0 -9999.0 -9999.0 -9999.0
04237 20260222  2.623 -123.81   47.51     9.7     3.2     6.5     5.9    39.0     3.01 C    15.4     3.8     6.2    95.9    79.5    91.4   0.327   0.219 -99.000 -99.000 -99.000     5.1     4.9 -9999.0 -9999.0 -9999.0
04237 20260223  2.623 -123.81   47.51     7.7     2.8     5.3     4.9     7.1     2.99 C    11.2     2.2     5.2    96.6    81.7    94.3   0.309   0.207 -99.000 -99.000 -99.000     5.3     5.2 -9999.0 -9999.0 -9999.0
04237 20260224  2.623 -123.81   47.51    10.0     0.2     5.1     3.7     0.0    10.57 C    16.3    -1.8     3.8    97.3    62.3    89.4   0.289   0.193 -99.000 -99.000 -99.000     5.0     5.0 -9999.0 -9999.0 -9999.0
04237 20260225  2.623 -123.81   47.51     8.5    -1.0     3.8     3.7     6.2     5.49 C    13.6    -2.5     4.2    97.3    74.6    93.5   0.289   0.188 -99.000 -99.000 -99.000     4.8     4.7 -9999.0 -9999.0 -9999.0
04237 20260226  2.623 -123.81   47.51     8.8     4.7     6.7     6.3    24.5     3.54 C    12.9     3.7     7.1    96.5    94.0    95.7   0.332   0.217 -99.000 -99.000 -99.000     6.0     5.8 -9999.0 -9999.0 -9999.0
04237 20260227  2.623 -123.81   47.51     9.1     1.7     5.4     5.7     0.0     5.24 C    16.1     0.2     6.5    96.6    77.0    92.8   0.297   0.198 -99.000 -99.000 -99.000     6.4     6.3 -9999.0 -9999.0 -9999.0
04237 20260228  2.623 -123.81   47.51    12.2     0.0     6.1     4.3     0.0     9.08 C    17.1    -1.7     4.2    97.1    57.5    90.1   0.285   0.187 -99.000 -99.000 -99.000     5.7     5.7 -9999.0 -9999.0 -9999.0
04237 20260301  2.623 -123.81   47.51    14.6    -0.1     7.2     5.2     0.0    11.26 C    20.0    -2.1     5.1    97.0    53.5    88.8   0.277   0.180 -99.000 -99.000 -99.000     5.5     5.5 -9999.0 -9999.0 -9999.0
04237 20260302  2.623 -123.81   47.51    15.1     0.4     7.7     7.0     0.3    11.22 C    21.3    -2.1     7.5    97.1    61.6    87.9   0.272   0.175 -99.000 -99.000 -99.000     5.9     5.8 -9999.0 -9999.0 -9999.0
04237 20260303  2.623 -123.81   47.51     9.7     7.9     8.8     8.6    29.5     1.74 C    11.6     7.9     9.1    96.1    94.3    95.5   0.306   0.199 -99.000 -99.000 -99.000     7.2     7.0 -9999.0 -9999.0 -9999.0
04237 20260304  2.623 -123.81   47.51    10.8     5.9     8.3     7.6    29.8     5.26 C    19.2     5.2     8.8    96.1    87.1    93.5   0.319   0.219 -99.000 -99.000 -99.000     7.8     7.5 -9999.0 -9999.0 -9999.0
04237 20260305  2.623 -123.81   47.51    10.1     5.0     7.6     6.9     3.0     6.89 C    16.0     4.7     8.5    96.2    64.6    89.8   0.291   0.208 -99.000 -99.000 -99.000     8.0     7.5 -9999.0 -9999.0 -9999.0
04237 20260306  2.623 -123.81   47.51    10.5     5.8     8.1     8.1    20.5     2.37 C    12.6     6.3     8.9    96.1    91.9    94.7   0.324   0.215 -99.000 -99.000 -99.000     8.1     7.9 -9999.0 -9999.0 -9999.0
04237 20260307  2.623 -123.81   47.51    10.6     8.3     9.5     9.2    16.4     3.34 C    14.1     8.4    10.3    96.3    94.8    95.7   0.316   0.210 -99.000 -99.000 -99.000     8.8     8.5 -9999.0 -9999.0 -9999.0
04237 20260308  2.623 -123.81   47.51    10.5     1.5     6.0     7.0    20.5     7.29 C    19.5     1.6     8.6    96.2    55.3    90.2   0.318   0.213 -99.000 -99.000 -99.000     9.0     8.8 -9999.0 -9999.0 -9999.0
04237 20260309  2.623 -123.81   47.51     5.7    -0.5     2.6     2.1    10.5     5.33 C    13.2     0.3     4.0    96.4    87.3    94.5   0.316   0.210 -99.000 -99.000 -99.000     7.3     7.4 -9999.0 -9999.0 -9999.0
04237 20260310  2.623 -123.81   47.51     4.4    -0.8     1.8     0.9    14.0     3.60 C     8.8    -1.6     1.8    97.0    83.2    94.6   0.314   0.207 -99.000 -99.000 -99.000     5.8     6.1 -9999.0 -9999.0 -9999.0
04237 20260311  2.623 -123.81   47.51     9.9     1.3     5.6     4.8    98.1     0.45 C     9.8     1.8     5.0    96.7    93.3    95.4   0.342   0.244 -99.000 -99.000 -99.000     5.6     5.7 -9999.0 -9999.0 -9999.0
04237 20260312  2.623 -123.81   47.51     6.0     1.9     3.9     3.7    15.0     2.56 C     8.3     3.0     5.0    96.1    87.7    94.4   0.322   0.221 -99.000 -99.000 -99.000     6.2     6.2 -9999.0 -9999.0 -9999.0
04237 20260313  2.623 -123.81   47.51     4.9     2.4     3.7     3.5     5.9     2.40 C     7.8     1.1     4.8    96.3    88.2    94.4   0.315   0.210 -99.000 -99.000 -99.000     5.9     5.9 -9999.0 -9999.0 -9999.0
04237 20260314  2.623 -123.81   47.51     8.6    -0.7     3.9     2.6     0.0    12.69 C    17.1    -2.4     4.1    96.9    45.9    87.0   0.296   0.196 -99.000 -99.000 -99.000     6.0     6.0 -9999.0 -9999.0 -9999.0
04237 20260315  2.623 -123.81   47.51     7.6     0.7     4.1     3.9    16.9     2.88 C     9.4     0.9     4.3    96.0    56.3    86.7   0.305   0.199 -99.000 -99.000 -99.000     5.7     5.7 -9999.0 -9999.0 -9999.0
04237 20260316  2.623 -123.81   47.51    10.2     4.1     7.2     7.2    25.9     2.22 C    11.5     4.4     7.6    96.2    92.1    95.0   0.326   0.217 -99.000 -99.000 -99.000     6.4     6.2 -9999.0 -9999.0 -9999.0
04237 20260317  2.623 -123.81   47.51    11.3     7.5     9.4     9.1    47.9     2.39 C    13.6     7.4     9.6    96.0    91.9    95.1   0.340   0.228 -99.000 -99.000 -99.000     7.7     7.4 -9999.0 -9999.0 -9999.0
04237 20260318  2.623 -123.81   47.51    11.7     8.6    10.1     9.6    65.4     2.20 C    14.1     8.6    10.3    96.1    93.9    95.3   0.350   0.234 -99.000 -99.000 -99.000     8.7     8.4 -9999.0 -9999.0 -9999.0
04237 20260319  2.623 -123.81   47.51    11.8     8.9    10.3    10.2    48.5     4.03 C    15.7     8.9    11.2    96.1    90.9    94.9   0.341   0.229 -99.000 -99.000 -99.000     9.6     9.2 -9999.0 -9999.0 -9999.0
04237 20260320  2.623 -123.81   47.51    13.2     5.2     9.2     9.6    49.9     7.67 C    21.0     6.0    11.1    96.0    83.7    93.9   0.335   0.225 -99.000 -99.000 -99.000    10.3    10.0 -9999.0 -9999.0 -9999.0
04237 20260321  2.623 -123.81   47.51    11.4     1.6     6.5     5.8     0.0    15.52 C    22.8     1.4     8.7    96.5    48.2    80.3   0.294   0.194 -99.000 -99.000 -99.000     9.8     9.6 -9999.0 -9999.0 -9999.0
04237 20260322  2.623 -123.81   47.51    12.2     2.5     7.3     6.3     0.7    16.35 C    22.5     2.4     9.5    95.6    40.5    79.8   0.284   0.185 -99.000 -99.000 -99.000     9.8     9.5 -9999.0 -9999.0 -9999.0
04237 20260323  2.623 -123.81   47.51     9.8     0.7     5.3     5.5     0.0     7.16 C    17.4    -0.1     6.9    96.1    56.4    83.1   0.276   0.178 -99.000 -99.000 -99.000     8.7     8.7 -9999.0 -9999.0 -9999.0
04237 20260324  2.623 -123.81   47.51    10.0     4.5     7.2     6.7    46.5     1.45 C    12.3     5.0     7.3    96.4    88.7    94.8   0.324   0.216 -99.000 -99.000 -99.000     8.1     8.2 -9999.0 -9999.0 -9999.0
04237 20260325  2.623 -123.81   47.51     6.7     0.4     3.6     4.1    15.5     5.04 C    14.3     0.4     5.5    96.5    83.0    94.4   0.319   0.214 -99.000 -99.000 -99.000     7.9     7.9 -9999.0 -9999.0 -9999.0
04237 20260326  2.623 -123.81   47.51     9.7     0.1     4.9     4.4     1.3    12.09 C    18.0    -0.5     6.0    96.6    54.1    85.2   0.299   0.200 -99.000 -99.000 -99.000     7.7     7.6 -9999.0 -9999.0 -9999.0
04237 20260327  2.623 -123.81   47.51    16.2     1.1     8.6     7.3     0.0    16.17 C    24.8    -0.3     9.0    95.8    34.3    75.2   0.284   0.187 -99.000 -99.000 -99.000     8.3     8.1 -9999.0 -9999.0 -9999.0
04237 20260328  2.623 -123.81   47.51    12.9     2.6     7.7     6.8     0.0    10.67 C    23.2     1.3     8.9    95.8    47.8    78.1   0.275   0.177 -99.000 -99.000 -99.000     8.9     8.7 -9999.0 -9999.0 -9999.0
04237 20260329  2.623 -123.81   47.51     7.1    -0.4     3.4     3.8     2.8     5.20 C    13.1    -0.9     5.3    96.0    66.5    89.9   0.276   0.175 -99.000 -99.000 -99.000     8.2     8.2 -9999.0 -9999.0 -9999.0
04237 20260330  2.623 -123.81   47.51    11.7    -1.0     5.4     4.3     0.0    16.56 C    21.6    -2.7     6.1    96.3    38.3    75.3   0.281   0.180 -99.000 -99.000 -99.000     7.7     7.6 -9999.0 -9999.0 -9999.0
04237 20260331  2.623 -123.81   47.51    16.0     1.1     8.6     7.5     0.3    15.23 C    26.4     0.3    10.1    94.6    31.4    73.1   0.272   0.174 -99.000 -99.000 -99.000     8.6     8.3 -9999.0 -9999.0 -9999.0
04237 20260401  2.623 -123.81   47.51     7.2     4.3     5.8     5.3    24.4     1.27 C    10.1     5.4     6.5    95.8    88.3    93.5   0.316   0.204 -99.000 -99.000 -99.000     8.3     8.3 -9999.0 -9999.0 -9999.0
04237 20260402  2.623 -123.81   47.51     9.7     4.4     7.0     6.4    12.2     6.21 C    16.5     4.7     8.3    96.2    86.5    94.2   0.317   0.211 -99.000 -99.000 -99.000     8.5     8.3 -9999.0 -9999.0 -9999.0
04237 20260403  2.623 -123.81   47.51    11.4     4.6     8.0     7.5     1.4     8.48 C    18.8     3.3     9.4    96.1    72.9    90.3   0.300   0.200 -99.000 -99.000 -99.000     9.3     9.0 -9999.0 -9999.0 -9999.0
04237 20260404  2.623 -123.81   47.51    19.0     3.0    11.0     9.9     0.0    17.04 C    27.9     1.2    11.7    96.9    42.6    81.5   0.265   0.184 -99.000 -99.000 -99.000     9.7     9.4 -9999.0 -9999.0 -9999.0
04237 20260405  2.623 -123.81   47.51    23.4     5.4    14.4    12.5     0.0    15.77 C    31.4     3.7    13.7    96.0    35.4    77.0   0.255   0.181 -99.000 -99.000 -99.000    10.8    10.5 -9999.0 -9999.0 -9999.0
04237 20260406  2.623 -123.81   47.51    20.9     6.5    13.7    12.0     0.0    16.23 C    30.5     4.5    13.5    95.9    46.2    77.4   0.223   0.184 -99.000 -99.000 -99.000 -9999.0 -9999.0 -9999.0 -9999.0 -9999.0
04237 20260407  2.623 -123.81   47.51    15.4     1.8     8.6     7.6     0.0    17.67 C    27.6     1.0    10.8    95.5    36.3    73.0   0.239   0.162 -99.000 -99.000 -99.000    10.9    10.7 -9999.0 -9999.0 -9999.0
04237 20260408  2.623 -123.81   47.51    18.6     1.4    10.0     8.7     0.0    17.59 C    29.5    -0.1    11.0    96.1    36.0    73.2   0.228   0.164 -99.000 -99.000 -99.000    10.6    10.3 -9999.0 -9999.0 -9999.0
04237 20260409  2.623 -123.81   47.51    21.9     3.7    12.8    11.2     0.0    17.76 C    32.5     1.8    12.9    95.1    30.0    70.8   0.248   0.160 -99.000 -99.000 -99.000    11.0    10.6 -9999.0 -9999.0 -9999.0
04237 20260410  2.623 -123.81   47.51    20.1     5.7    12.9    11.4     0.0     9.04 C    28.1     3.7    12.3    89.8    40.5    72.2   0.236   0.138 -99.000 -99.000 -99.000    11.0    10.8 -9999.0 -9999.0 -9999.0
04237 20260411  2.623 -123.81   47.51    10.9     6.8     8.9     9.1    15.1     5.43 C    16.1     6.1    10.9    96.0    85.3    92.4   0.287   0.186 -99.000 -99.000 -99.000    11.1    10.8 -9999.0 -9999.0 -9999.0
04237 20260412  2.623 -123.81   47.51    13.3     4.3     8.8     8.8     0.3     9.58 C    21.7     3.0    10.8    96.4    73.7    88.2   0.277   0.182 -99.000 -99.000 -99.000    10.9    10.7 -9999.0 -9999.0 -9999.0
04237 20260413  2.623 -123.81   47.51    11.8     6.4     9.1     8.2     2.0     8.91 C    21.5     7.3    10.6    94.7    64.4    85.7   0.276   0.176 -99.000 -99.000 -99.000    11.2    11.0 -9999.0 -9999.0 -9999.0
04237 20260414  2.623 -123.81   47.51     8.0     3.7     5.9     6.4    65.9     0.56 C     8.9     3.3     7.2    96.0    93.7    95.1   0.321   0.214 -99.000 -99.000 -99.000     9.7     9.8 -9999.0 -9999.0 -9999.0
04237 20260415  2.623 -123.81   47.51     8.0     0.0     4.0     3.3     6.0    10.50 C    18.2     0.2     5.8    96.7    64.6    93.4   0.302   0.202 -99.000 -99.000 -99.000     9.0     9.0 -9999.0 -9999.0 -9999.0
04237 20260416  2.623 -123.81   47.51    12.3    -0.6     5.8     5.3     0.0    18.42 C    25.1    -2.0     8.0    96.9    46.6    78.0   0.286   0.191 -99.000 -99.000 -99.000     9.3     9.2 -9999.0 -9999.0 -9999.0
04237 20260417  2.623 -123.81   47.51    14.0     1.1     7.6     7.5     0.0    14.52 C    23.6     0.5    10.0    95.7    43.6    74.5   0.273   0.180 -99.000 -99.000 -99.000    10.0     9.8 -9999.0 -9999.0 -9999.0
04237 20260418  2.623 -123.81   47.51    20.3     4.6    12.5    11.5     0.0    15.20 C    30.5     3.9    13.5    90.4    26.9    64.9   0.265   0.170 -99.000 -99.000 -99.000    11.1    10.7 -9999.0 -9999.0 -9999.0
04237 20260419  2.623 -123.81   47.51    27.0     6.3    16.7    14.4     0.0    18.13 C    36.4     4.8    16.3    91.3    20.1    62.9   0.258   0.161 -99.000 -99.000 -99.000    12.5    11.9 -9999.0 -9999.0 -9999.0
04237 20260420  2.623 -123.81   47.51    25.3     7.1    16.2    13.5     0.0    14.46 C    34.8     5.8    15.5    89.5    32.2    69.9   0.251   0.154 -99.000 -99.000 -99.000    13.0    12.5 -9999.0 -9999.0 -9999.0
04237 20260421  2.623 -123.81   47.51    12.7     7.9    10.3    10.4     1.6     4.26 C    15.8     7.1    11.8    93.9    76.9    89.8   0.244   0.151 -99.000 -99.000 -99.000    12.3    12.1 -9999.0 -9999.0 -9999.0
04237 20260422  2.623 -123.81   47.51    14.1     8.3    11.2    10.2     1.5    11.91 C    26.0     9.7    13.4    95.4    72.4    88.5   0.252   0.152 -99.000 -99.000 -99.000    12.8    12.4 -9999.0 -9999.0 -9999.0
04237 20260423  2.623 -123.81   47.51    12.8     7.8    10.3    10.0     0.0     7.27 C    19.0     7.0    12.4    92.0    62.2    79.2   0.250   0.152 -99.000 -99.000 -99.000    12.6    12.4 -9999.0 -9999.0 -9999.0
04237 20260424  2.623 -123.81   47.51    19.4     4.9    12.2    10.9     0.0    20.45 C    32.2     3.4    13.6    94.8    35.2    69.6   0.245   0.148 -99.000 -99.000 -99.000    12.8    12.5 -9999.0 -9999.0 -9999.0
04237 20260425  2.623 -123.81   47.51    20.0     3.4    11.7    10.9     0.0    17.67 C    33.8     2.1    13.1    84.1    26.3    60.3   0.238   0.141 -99.000 -99.000 -99.000    12.6    12.4 -9999.0 -9999.0 -9999.0
04237 20260426  2.623 -123.81   47.51    20.9     3.3    12.1    10.9     0.0    18.14 C    33.9     1.5    13.5    83.8    34.4    65.0   0.230   0.135 -99.000 -99.000 -99.000    12.5    12.2 -9999.0 -9999.0 -9999.0
04237 20260427  2.623 -123.81   47.51    13.7     8.4    11.0    10.2     0.0    11.12 C    26.5     9.6    14.0    93.2    64.1    81.9   0.225   0.130 -99.000 -99.000 -99.000    13.2    12.9 -9999.0 -9999.0 -9999.0
04237 20260428  2.623 -123.81   47.51    12.8     5.0     8.9     9.2     0.5     7.85 C    23.4     4.3    11.6    94.5    69.8    84.7   0.222   0.127 -99.000 -99.000 -99.000    12.9    12.7 -9999.0 -9999.0 -9999.0
04237 20260429  2.623 -123.81   47.51    19.8     3.0    11.4    10.9     0.0    20.39 C    32.8     1.8    13.8    95.5    47.3    76.1   0.217   0.123 -99.000 -99.000 -99.000    12.8    12.5 -9999.0 -9999.0 -9999.0
04237 20260430  2.623 -123.81   47.51    25.1     7.8    16.4    14.7     0.0    18.38 C    35.1     6.0    16.8    94.7    27.9    71.2   0.211   0.117 -99.000 -99.000 -99.000    13.9    13.5 -9999.0 -9999.0 -9999.0
04237 20260501  2.623 -123.81   47.51    21.1     6.9    14.0    12.5     0.0    19.07 C    33.4     5.6    16.0    94.5    50.0    78.3   0.204   0.112 -99.000 -99.000 -99.000    14.4    13.9 -9999.0 -9999.0 -9999.0
04237 20260502  2.623 -123.81   47.51    25.2     9.7    17.4    15.3     0.0    18.23 C    35.0    10.7    18.8    89.8    44.4    75.4   0.199   0.107 -99.000 -99.000 -99.000    15.4    14.8 -9999.0 -9999.0 -9999.0
04237 20260503  2.623 -123.81   47.51    30.5    10.2    20.4    18.8     0.0    20.54 C    39.9     8.1    20.2    88.6    20.8    60.3   0.192   0.102 -99.000 -99.000 -99.000    16.1    15.4 -9999.0 -9999.0 -9999.0
04237 20260504  2.623 -123.81   47.51    20.5    10.4    15.4    14.3     0.0    16.19 C    32.5     7.7    17.4    89.6    55.9    75.4   0.185   0.097 -99.000 -99.000 -99.000    16.0    15.6 -9999.0 -9999.0 -9999.0
04237 20260505  2.623 -123.81   47.51    18.9    10.8    14.9    13.0     0.6    11.69 C    28.2    10.2    15.9    94.5    57.5    82.5   0.182   0.097 -99.000 -99.000 -99.000    15.9    15.5 -9999.0 -9999.0 -9999.0
04237 20260506  2.623 -123.81   47.51 -9999.0 -9999.0 -9999.0 -9999.0 -9999.0 -9999.00 U -9999.0 -9999.0 -9999.0 -9999.0 -9999.0 -9999.0 -99.000 -99.000 -99.000 -99.000 -99.000 -9999.0 -9999.0 -9999.0 -9999.0 -9999.0
